80381
140168
392726
56418
805844
878969
831991
304314
152205
822455
900231
134705
676916
261314
949722
312109
450597
353185
267660
714129
854428
268837
855196
469611
989302
395613
782774
682190
970893
526926
951054
22426
776994
723707
544858
178514
205799
546784
639566
93361
203994
212670
935360
335501
984506
502096
340690
48781
661212
264943
419211
755956
491290
931017
839843
368803
859936
526257
543444
202153
499424
563283
402757
423023
897875
38945
297621
50934
833435
333037
62291
692218
888086
26925
338797
501412
341326
79143
49643
937241
497686
194500
312542
447882
369552
211550
543068
83886
998769
322327
980134
388910
361452
560088
795033
959924
430985
373234
158543
623610
165948
831574
227238
156984
556115
207165
465205
755614
636088
692258
383628
337919
569352
546412
111778
405429
621546
160940
976450
795902
595860
573055
616822
237381
779121
263218
189883
80491
351710
490686
137501
334314
493608
757524
461953
887383
22722
951291
872049
78433
413045
624638
86084
171240
144495
626213
586954
363879
903019
875413
469605
501043
750523
977835
963373
282160
271509
35480
555027
358901
852627
903996
572237
465451
305243
902880
70756
496367
654687
160233
756461
526985
911604
62976
65087
995693
528964
507912
887542
608326
9884
624805
888239
763631
518145
275658
996638
269118
589519
446242
350475
612875
172806
986395
193193
132517
186759
456162
374241
281914
863560
312009
379332
776314
673579
440556
141236
848800
364999
296651
286530
104913
4026
225586
348814
943749
606146
720509
376228
501008
875250
206820
268259
842293
583586
807318
254788
736713
585214
590405
728496
983869
328730
119368
409809
85716
532324
819159
956921
535744
744180
351632
17599
179898
589895
370868
122213
636912
712028
184623
591949
640071
503728
659582
187474
788028
402042
113406
158370
399722
747032
700728
684056
680040
692191
768645
619640
243605
477892
122484
801893
814824
433135
40756
252134
44066
903460
353760
695420
38777
593587
279294
486033
573529
889371
998868
449593
92889
132358
61027
137511
244804
737259
437627
85096
147064
949165
423344
112643
53340
562662
111575
717864
840747
413128
409622
706028
886505
914000
964844
540143
313841
202755
320040
820885
735661
659495
922369
43810
15110
945336
86975
489861
165362
351905
890144
736975
976872
711512
388192
556799
785927
125626
611801
82194
257623
583934
760467
854070
655489
776324
697505
2836
789876
654396
725365
22852
735301
361074
65819
174452
781974
551007
63479
619972
547021
735409
516126
843476
49945
492107
865804
320835
822846
700116
20063
551813
739932
10153
790209
243656
474945
921666
57289
807864
459041
52974
250168
727279
860081
312068
238606
509717
649413
127620
767463
419356
549550
80201
978635
433775
847056
826575
56604
235430
16091
54707
271510
89704
633065
927804
874849
412720
51831
386222
709311
452507
685328
163907
481408
799260
105404
554442
678737
764300
533081
800827
745256
308029
294178
623285
301209
279058
19241
200276
739846
661735
868409
619829
986882
736744
541626
183704
721835
621823
856794
241247
408689
582570
608054
510485
538007
554961
272141
643562
756353
560732
762472
328203
609375
465057
363639
54600
732936
679084
802322
351212
478045
263960
766561
879244
725342
850372
181977
707108
689564
320412
816505
846801
207626
115040
311479
884159
562076
798712
630242
985525
612754
536017
704070
323747
232136
523518
119007
566754
773632
322212
70658
677045
876486
413349
812275
647629
279906
823911
479769
184449
934063
326953
365773
674493
341010
932932
710319
2090
968171
938899
129184
83720
241044
382041
111429
304956
188877
828925
544643
106407
300390
380301
527680
408940
438632
584072
12198
106177
614203
115863
648798
975529
198400
161597
816774
205213
462151
17896
968430
84953
92512
571236
681470
766090
392022
768337
254688
104476
323583
416092
268853
410080
8810
319634
5029
58388
762477
76559
977721
983795
899491
58147
622776
789625
627673
904822
925226
803624
363892
917625
43827
204657
797405
980043
673671
966253
41559
316246
135931
185816
927588
962190
353799
656055
97453
839123
437892
141949
726203
106404
970449
951879
926570
572800
377741
764322
211227
915349
885681
353675
581684
140686
183584
719162
826521
588365
967244
416579
66129
78732
121942
602603
580052
182130
226465
374803
228536
670778
877751
597657
659475
259444
311534
888863
459682
541626
285945
63061
28653
786911
710111
244826
945855
715116
833553
772390
232947
32884
754682
163054
610101
395257
994631
77141
954471
132807
176022
469655
798774
119041
442334
62857
267718
850191
698986
233850
11065
218670
148842
588114
173129
749904
51525
987330
38583
918075
724493
740431
68832
257538
901609
48692
461165
451106
293378
271264
997462
987587
136544
284184
655246
549639
212791
56593
831751
978750
217330
458155
722677
609062
440349
303929
978033
791202
768638
673246
10420
777666
795869
331756
646180
461738
328699
159629
345031
178136
652332
458626
611021
868761
371015
681033
324631
385506
173425
671863
841896
950034
474327
542048
17069
48053
231574
841376
79017
332827
40567
274309
866560
58805
701038
610470
299949
268968
770073
847733
334916
908953
411528
479706
452699
392446
914020
275969
609483
918069
285783
125627
627299
685805
483643
267236
102360
784509
597787
841410
992846
675694
614799
432931
315266
773232
949609
53679
860768
800595
860766
777191
971505
233667
909966
740419
340904
157773
510270
190393
57173
870160
509883
927935
619809
804244
693412
512202
259733
46427
363882
70681
885665
553745
716824
6789
451942
964949
991718
430124
771773
322545
388926
496923
446503
504199
690779
660881
468066
494518
757170
880596
513793
611705
340941
460921
268155
524515
279856
88886
925420
671050
812803
616958
382373
989870
975497
636764
72097
328442
244950
10692
695218
874244
803208
94467
897622
376723
354856
349522
436839
707247
410674
181769
114270
124228
558402
978863
731250
285628
488689
141216
318270
936135
391560
511332
98586
531220
52623
555921
524438
501400
235953
234636
385615
605655
316512
802395
348826
401395
23265
526805
875504
417685
43387
116595
489189
221410
591744
725470
639616
364606
626750
386176
889969
953949
689345
284107
102814
652644
963016
471084
315723
126984
232404
445525
528901
450503
415947
798924
558443
997190
772655
421376
842882
594953
583248
204444
871965
314639
234272
414124
517443
694430
632152
13153
77265
417146
563430
803598
796609
555118
731048
240654
936119
41773
131618
808591
144564
697898
738651
413021
767002
924734
44430
401235
894477
801746
967910
888150
564161
758005
244770
117659
264316
66960
80394
288639
642286
293601
205631
865489
298617
49034
138272
141414
362233
58145
508358
913090
772084
487832
59223
462049
118927
311418
895698
232599
534401
153267
440464
765779
593944
871498
789781
281840
798445
237226
612860
438579
660978
375828
348777
41588
277518
773558
161505
956867
703443
120692
533963
899244
581611
908789
757251
739331
170250
661332
318795
893982
756429
948495
990080
675362
703004
888972
666097
It took me 14685135 clicks (14.685135 seconds).
Program took this 105546344 space
