116811
952143
157051
815104
138595
564210
950560
669955
267519
4266
387881
886363
60661
272389
429318
351927
85510
475987
268242
902739
156459
297833
756651
928533
972281
595556
786321
474930
669044
482173
826674
59822
765568
306176
736388
78123
628663
915274
590428
101363
588559
903206
631262
572129
539600
915274
508734
117647
466657
787974
505309
852737
683585
431363
466657
19367
432500
857979
170701
382475
940965
596346
961239
781662
672945
772391
15141
648130
558151
527897
998773
14281
440383
631262
765431
469105
590428
546675
477987
11310
315132
247085
507869
508993
535383
928652
828914
787974
176006
950560
852737
208599
458257
135416
431363
632330
43733
319432
964038
834096
