860697
131528
599228
814688
489745
238740
915256
969895
871047
720168
549228
975859
761609
436869
370064
173327
338658
558948
522396
228648
644480
302502
907582
112153
379834
566599
491761
259868
575441
890455
477804
389630
112939
331674
973875
654322
640578
651512
839213
118493
716602
694458
815735
735544
446748
691302
180455
756003
328407
632060
937506
400529
436701
833103
230290
812967
412888
906801
51466
510820
932502
22371
423303
799102
419859
215321
898974
170012
287290
453509
824610
351088
333978
914322
214995
786800
161824
893298
684398
706531
289303
169516
842551
506552
533918
350511
954446
296814
877911
852554
519299
49047
482364
112068
992160
7082
74260
106084
519764
611664
It took me 150943 clicks (0.150943 seconds).
