7880842
9265058
4324044
2153571
8586390
9649777
6824052
5344519
6668774
568518
8490151
8205657
2594321
1396123
5456665
5851763
2027953
2992928
6910407
3506763
8980358
5116574
5853282
1837062
9656599
7090930
2707063
1940277
5332948
1041861
667374
6851718
4660801
3940247
3833175
5789626
9562745
7017523
8498061
6816098
50485
8912519
1778081
6916859
6924667
3681283
5202068
1771442
749340
7095972
1710075
7270456
5983735
6596589
4460567
8268235
4491434
287608
2876278
8240745
5541374
250674
6477189
2940872
7172892
4707827
7860543
4248402
4193810
208630
4218901
9008626
7906281
9834700
1237860
5306890
183766
7442052
3429862
9521202
854942
1420327
3288361
156572
4941317
9027129
1504562
4816110
7084737
6424073
5148055
9525146
3803982
158229
8969339
6858632
7294680
2849715
1813805
6820930
9951703
5879615
6036415
179984
3763643
4846063
857816
6120946
7340039
7164340
9004067
62745
3565575
8006010
1874555
3118510
9592719
3436740
1540412
2524859
6908476
8105517
7541369
1509616
1629644
3473955
5973756
5623362
4686965
6042816
7243186
2104520
442200
278053
327712
3735991
7585647
8293443
9717506
4282093
4092945
9889402
7550476
5010653
8172684
8138516
7653306
5737212
6936848
68694
8253617
3319869
1787026
528848
2327153
9473254
7588871
4302914
5281203
8565213
1790327
1194821
7667870
238962
7591028
6050807
6487691
6615738
262149
9173299
330657
8662886
5545833
3899947
9039319
8509209
3501317
3590899
9351981
3444335
5546507
2762294
9036917
6411307
6299490
6763559
2189124
4401917
4892243
7557272
2539638
318776
3263541
6082595
6696399
9983393
3614163
2855252
8312835
3292898
9953531
4516225
4530152
1708849
7377194
4763271
9080738
8036033
3857320
8268117
7723850
5520264
4161439
4513413
3005310
1166952
9636668
1922064
6148541
8764057
9884568
5831872
3325431
6802110
4179160
2361952
8255784
1628975
1322101
607320
2523576
1363438
6399548
1921532
4785182
4982407
9207866
5682296
8841789
2733569
7942542
6249998
9181195
8356816
3465598
1774099
7755056
3549826
1927414
1300389
1719678
1889088
609274
4453485
5379501
2379046
7214196
7045132
3681718
1200845
6741856
9589453
3311282
4760752
9461984
1617053
7356259
5151514
2796624
6472091
3161182
2632072
2033206
8158316
7903323
4398630
3227996
62732
4147265
960692
7901746
4780384
7459655
5998485
7567407
798471
5519288
4367745
638901
9626572
5815841
9213160
3176743
9641161
6733317
4644858
3833227
2582043
9757469
9588384
7313302
5452300
4907032
2016040
5789262
9520118
7779608
7386622
9165492
9562553
491238
2373697
1360109
4144965
5621573
8936785
3877899
2317052
7550142
9222448
5315261
270077
8520849
5849785
2231329
9426391
6530858
4620586
7184298
1637712
9006016
3370462
9043896
5091178
7415183
6860014
5993894
4421846
8101906
1258398
3630917
1768372
7300140
7354957
9619226
6155793
4996952
1941760
5341393
7746850
8095129
9062927
8655388
8303416
6460073
2938427
4715639
5295131
5393975
5343726
9974012
4857746
9617627
9811479
8741900
4063276
5294400
1862140
7620349
1601539
3418103
2190605
6789781
3120306
2317665
3297462
3670109
8462965
638778
1003185
6616229
1875248
7964690
3296924
1061656
8761682
7010104
7589679
9280961
4029396
2656151
4485875
6294394
5551108
9705986
9019187
9787375
5613830
6818269
3571870
7476994
9010003
8450760
7111689
8403232
6072376
1394099
812634
2405219
8635679
771638
178254
1315848
1173699
3502270
8831992
9577245
7082308
6835710
2518935
3812422
2973083
1956780
912368
7593985
6961038
5057731
1447045
1424176
6706683
5366989
6735620
5115419
692347
961710
5152652
8998568
1331212
6615261
4471665
4523226
6687734
4333711
9889611
6357050
3933704
8184082
9952938
4740281
9980108
3616058
9719490
2479210
4078504
5609529
2693740
715587
8883753
4274293
2764934
6743732
8120992
1443546
6914684
8937524
563955
7627680
9532926
4378227
1167825
4169044
5330870
7894966
4450254
8040537
6233161
4067523
8925443
4769702
6023491
6411966
2752272
3036089
2491456
8520787
2775464
7120320
5658819
2284313
1268508
1012120
4793980
8402658
6417932
4487461
7945963
8916314
7434128
5552930
1599067
5293367
7657963
1064503
9291336
2848897
2415258
5767976
6106588
787830
4837946
544121
1165727
6839722
2247845
8257266
6357197
9294598
7823530
3440727
9106549
9938782
3903098
2427393
6626257
8789474
89429
8823038
483083
2823007
6831707
4404859
9084386
3081517
5483962
4856705
4492242
816127
7004376
2380533
6460121
2251075
8343568
7093145
7164340
6995888
9115893
7995045
2118083
6925634
8538942
4451731
9805105
4421075
8675449
7600923
6831486
3485996
9153463
5163620
8725032
9703319
4842478
9136498
8018702
3186562
7695293
5621721
413235
7318221
8827367
4964240
3238288
4167677
4664769
9979295
3795542
2739617
9244214
4570701
401317
2601273
3868030
4396757
3632348
6243134
20514
9848673
389893
9896627
110291
8916486
2765323
9013789
1107872
9005130
5984480
8254073
6411300
388674
2518364
7053402
2102868
5912987
1817289
6551720
222010
7877172
9848065
3537342
1625256
6143977
8031701
1306300
8495267
4448010
6804957
6510216
8162928
5259027
9366348
4471514
9286272
6862137
5243089
6199476
2468922
565486
4925435
8861296
7990558
2270907
5700811
2643224
1140980
605190
5398233
6654759
2876723
7042337
3551390
8078299
878158
9179434
8897195
393186
9970286
5352581
7357013
3210007
1449392
4030908
831512
94202
5027634
5216606
6783681
8938242
806870
4404529
6279700
4602099
5549241
4850051
3750589
7874964
4422482
9675231
4942585
7741656
9790778
6926482
1557214
799400
7025856
4586446
757012
6859763
9694648
2539810
143990
5033193
1706595
6737997
3982659
1702296
81685
9349811
6357140
7862570
478311
2471293
2933118
3114353
7370843
4953101
4951466
5293952
398224
7313503
9124972
4486076
9760348
9079848
4554133
3726478
8165672
1979669
9444042
9382098
4159866
371716
7945862
190992
8569265
2432491
8180359
9992772
1762484
1761877
6863801
8773494
2140599
6680792
6277392
94940
7356259
1368072
4967209
2942239
6631486
1594749
4899608
924841
2351234
7955417
9338336
6177984
4759233
1097116
1894465
7989925
2412171
8580606
4683727
4937595
9103929
4359717
9751317
7091899
7747791
3485477
5076097
5440831
3889334
3333906
5610689
887681
5298109
9024693
8353880
1038505
6513943
4159380
5923657
7975612
6333880
5070903
4721296
7171432
6845502
5426482
4143128
2462622
9908761
4274293
2647071
6493458
8940146
7546805
3161062
1136596
2422761
4393269
1658827
4541646
4928839
9470924
5136717
9611315
1988879
3353756
1061079
1205493
152333
5990256
4249533
2398965
9352763
4448010
6071484
2288511
3483599
8676685
991428
706382
9090844
2424807
7953287
2062703
9380021
3087219
879868
5495195
6296176
6341811
2900816
5540298
8794237
7450559
7401430
8614012
9942183
7733684
2563369
132146
6216388
4099674
956207
8637622
7604427
2719832
8290529
8000106
6983885
1132248
3285865
8777407
8841450
4891690
7461756
6201912
5182010
5370868
208335
6906126
9461279
1537113
5834180
1420879
3870579
1120483
1814511
1775661
8467575
9185351
3124468
4937088
8216217
6917470
5053778
2459901
5891386
3819733
3917315
2938224
7736182
8654511
9926410
2413542
6508975
9057373
1844907
8009924
6466414
8758206
7271146
5062788
3515780
6880096
4655454
6029699
6512869
9271674
8548058
5560742
8928418
5091386
7563591
8722595
8329727
6464514
8523360
8002452
4098098
8601162
3069889
7964592
3604853
2992211
4568697
3701299
7705787
5487506
1921250
881439
6323251
2970221
8930681
614677
6234563
9326965
7431796
6661971
3954996
8626620
5919359
6011813
9884028
8583156
6555968
8523179
6278439
2974092
3090590
1387813
4453155
6043715
2863845
12577
7103251
63179
2462425
880807
8464282
7356199
5079524
6023254
7310571
2527434
2862791
1218344
6030379
3438785
5005567
1854139
3143911
6537218
342707
8281662
2654997
9727572
8934850
9542492
72648
6367024
3892609
7029758
3375348
4016522
9888838
9120383
5735385
3094691
7023844
2219446
3201927
6231089
3234689
1399490
9126470
5530414
7187016
7549553
1545370
1168207
3205137
3676202
6900400
9869917
8072201
2639797
160608
5632690
9768189
4164545
810538
3882052
9463501
1662948
3890002
1084878
6563230
6612097
2217680
9012796
4600069
4159757
8340773
8855014
2291621
8213697
3164978
2432797
3093507
717069
6517907
1318424
5898646
6645967
9938435
3019589
1222418
5672117
6237903
4136044
4686736
431035
6175386
9676977
4930393
137931
4953182
8802282
432538
256268
8120032
5738082
7135942
8784169
126356
9691538
9908820
6324165
8297436
3410638
9845442
5338653
6380391
8709231
1053796
902619
4214143
6378996
3019639
1102955
5791895
8699671
5452263
3940273
5965987
3705592
6111026
5673119
6130044
7155259
4721105
6745849
273027
4090882
3894598
6433984
9835059
6764587
5633238
7069638
1817366
9743128
5978445
1561960
3488547
798653
636374
3238288
2639580
2533477
7533398
9632013
5197104
2134724
1391209
678557
3906483
1600711
142035
871190
2102392
951489
9396703
4087029
5206210
1808656
6778268
1726073
2425792
6183961
4614464
3882899
1285003
5669623
6135407
3900432
5157996
9561738
3562911
6541411
6975404
643620
3271118
3690278
1669167
1527308
9872761
2882022
6923589
9352842
4199843
2713790
6362031
1992885
880605
9193189
8358950
9274896
9884260
3346849
7702586
5942179
3605362
7838136
9628405
7960906
2585127
7955086
891014
410751
9527617
1677347
2349621
892441
3589277
1737892
167930
869548
436430
4794833
1901449
1323117
3866943
4018957
9615550
4211174
1719337
682485
5793580
9744642
419873
452770
1474217
208649
1255721
2786061
7801239
4499202
9276532
3116253
1488712
7548528
7443846
8162220
419544
4055484
4424758
8263928
8803663
9207209
2381205
2113533
9058560
3811840
1769040
5661431
2441882
2285228
9157968
6959014
14603
211141
1950338
7604427
6660048
3305726
2156398
7044860
6029544
7533954
5056699
2085070
2776020
2465232
358189
6934963
6734513
6826607
2644623
6937371
9913086
6951797
2645408
3528026
4619095
710590
2910717
1503884
981524
8584285
1625421
236538
9229674
7434960
716283
5575716
4617673
8225458
9831017
9350269
6485349
2160104
1253116
6402910
6592755
9999601
3183478
6065814
175002
1031812
4954606
9307350
2545372
8536439
5312752
4206379
3870758
3528481
2898704
6014442
9466894
5927734
5026152
7035510
9056391
1959404
6104071
6708053
3749412
7877172
8944803
1479045
3097415
8971771
3604059
1670138
3301045
7267791
6560233
452189
9981893
4222872
4810148
3501063
8202196
5453962
3683530
8258782
1652006
7335619
1527622
5160044
7466368
1347282
6773953
7723850
277831
2808469
9177880
4943544
8329
6396857
4219843
5900723
4258031
580592
8668361
4948610
1997800
2563248
4288448
1938798
2172285
6055730
5362195
8831535
8740523
7428731
2874848
5083349
6314039
3844578
5660010
9319510
8771690
8807127
9532938
690487
8337376
5612818
3504519
2593834
1723471
5280952
3549659
9960810
7461756
9766403
2534873
1679098
3793158
8302241
376581
9886464
752047
3316333
8283284
706627
7014497
2278867
8561795
9692111
6015336
7551652
5390674
5626313
6507610
4812248
2292761
3553975
5870436
8728402
3670386
7469100
2956440
72298
8288402
887710
6712989
9947604
6612375
5995122
8784169
619436
2740415
1328999
3774310
8865273
5125174
9751839
7916471
9947939
1398988
353138
672509
9234231
3224089
3550812
4375892
7319032
7725957
1922080
2908183
7340684
3892609
3599878
8449273
438797
1945565
4108440
3994922
5970900
709242
6490790
7475759
4234302
7225507
6065927
3492321
3664983
2740876
7034406
3699354
8592676
3974952
4050633
4632595
4851871
4133542
6028962
3292909
8156134
9634117
2224057
8055500
6445452
578387
5200598
8128941
7423670
3427433
9478429
4538875
2143286
1263520
4896834
5557755
4046813
3744330
5923027
8675754
9353924
3472867
6881439
1512986
7087871
3225691
9288908
6417825
9759792
1601729
1169726
1920086
7964581
6378571
8079654
2062353
7395724
6019824
2352346
3789225
4125098
2843044
7691900
9730766
9832677
388421
3792485
8247220
5460131
1786790
5841993
8048827
5608560
1338070
3886511
4696501
9761201
4846972
3252142
9863763
9136411
4862643
3944183
3106329
7456311
3304440
8199853
4339302
2626933
3442820
1608271
7961294
9904798
1478888
111624
8795726
2055989
4493751
9141629
4949496
2336544
1730923
681356
9008282
2212495
736180
6146956
2665636
9800063
6225336
812580
1762464
5896132
3420029
8298797
7235299
4042692
247981
7208864
4931342
4723635
5577830
7781557
8381154
3516079
3349363
5764242
8329383
9704201
4173332
9088861
407667
6404852
9483149
5295518
6654954
6287704
560040
4123769
1191170
5933028
4475526
9191784
2351397
32633
3087372
7425348
1973492
9579213
8325138
5493703
1874386
6288721
4605040
5880520
5686327
2843412
7681197
7716667
622232
4277460
6439748
714556
2240315
4460773
4242322
3467642
4942059
9797477
1606732
4366082
5981203
1035598
5459137
2661597
9270384
7660867
4808954
6369803
4355921
5406557
4445463
1129010
7610904
6482740
2460919
6179675
8607790
408289
882822
2805868
2793694
4684809
8762983
6570907
7903634
981939
3183478
6395277
8315007
4588093
4050633
8869
739092
2132941
8437965
6531115
4257287
4127136
9078065
9415467
5848296
9936594
9198133
7363803
6588954
6189446
8192556
4008849
763909
2103975
6232376
3425255
8187538
390556
4939917
8119756
1785296
1200909
7565578
7097838
7391552
2152801
9074754
1330335
237813
6942843
317932
9436315
8691717
6003262
3349363
8545466
9029654
7490096
8259225
4950655
9598641
7271206
3105194
3045112
135511
4378665
2484077
1561539
3214478
3760212
9604824
204086
5119089
2702293
5807418
7998550
1393009
6197151
2011729
5626069
6148884
1431624
4138244
3214478
2884478
802780
7524601
2433302
1229846
3375496
439817
3617660
1217162
5320631
7110867
6862283
1790327
7706745
9659462
4096334
713593
5833087
2153887
9001837
8469086
8734912
6471127
4283565
8617762
8144073
418169
3209456
9690179
8721044
503924
7201185
1527958
1124197
4826221
4556437
3838821
9507961
3932711
544332
924476
5419793
6413909
7980998
6857490
4212755
4346421
3614163
1756434
1869309
8942659
3092734
9926410
7064954
9918604
1206989
6234563
2800036
1105378
1064502
703281
2817865
7023577
2868524
8197069
7135329
6429723
6993017
9484650
3105884
1397073
859885
9704253
4851522
6799276
586287
6224404
2531339
5715329
2706159
1997543
2044266
8561447
804339
1994653
2583001
5201586
1618819
8645148
7041418
9026621
4723635
9730843
2543643
2649597
7304333
9841159
842698
9057904
268862
1140393
9859717
5125174
1381774
4541279
3277542
978998
3675776
1841584
9942992
6890904
7668637
7172892
5594005
1641346
8729069
1221968
8851887
9278047
995856
6143574
2499047
4428557
4800104
2456791
8062557
8139099
1435497
4806953
4816792
3896539
3496406
3681798
1875221
2912648
4710486
1859107
7621002
7264274
2865479
8173249
3014312
7309729
8839755
1559663
2359507
6002915
177914
970972
2825165
8813215
3382324
3655497
8914020
8523101
5635710
7905343
6563548
3474754
6589734
801826
5491513
1640516
5346170
68552
9746474
5506465
4459026
5714414
2141423
5896247
8463310
4850925
1613691
7192928
1727677
9688686
3153623
5284190
1311574
3829400
4291235
938825
5877830
2735831
8544157
9783330
2104186
1384135
7193994
5479448
4882420
6658079
9305309
4199908
9779514
7423867
9216848
6531420
8199304
8690030
4319842
3664015
6086533
4381377
1352108
9016028
2285955
4577893
5813821
7567407
9085433
5177638
3106232
5378277
4875438
7809032
2625230
1737462
543260
736634
6853965
4669517
6507645
1016222
373528
9439626
6187087
523957
963409
3428140
2498801
5095669
8081084
5089417
8601875
9836496
7584505
5361411
8818188
7288293
192543
4169337
7599662
4872852
8917452
9647372
2594560
2560138
2452855
8227882
5610689
5935052
3213647
245239
2507976
4986028
2632528
5361411
5914077
9063284
2251250
1728771
2059916
5852552
9982882
5491513
1201629
1476636
2213832
1774230
7567407
7741123
3681282
5824858
4086114
4924140
7451007
9438366
2474232
4868728
8037377
4393301
3337692
2051322
5864513
1129657
700086
3190498
1286977
5508584
4975020
1789606
4279230
2709624
124581
8944088
410620
5306359
8215941
7472724
6139813
9871915
5162301
4721105
3242291
2776495
4161640
8184090
4051601
9884844
9272577
4806630
1069872
4244517
7125218
6817043
2756744
2898733
3419895
4364000
6561269
9611426
6092982
1131242
442437
3812307
3054054
6159825
1992694
7670381
2705914
7015232
5520427
1897337
2557250
9642014
5177854
9953240
1584487
4617366
3472016
4665027
1470562
1077856
142645
4720244
5049775
5045271
7896815
3532885
9801942
255599
2006935
2548769
832063
4437863
7675888
1052215
8167300
7467982
2239941
1606926
5673294
7034406
2402913
7739881
9957071
9004554
4546533
8483598
1715750
5819289
2062977
3485477
2168134
7590848
5399485
6815509
2625685
3078459
9372845
6862577
164775
8869395
6007006
1081786
9323985
9366402
4490824
2525571
6458092
6513153
9249059
429459
2673919
4458032
7901473
4852078
9674340
1404127
2644502
9688889
592018
4922918
1594245
572343
8483562
3769071
1638221
1860535
4336147
1563421
2032950
9217994
2717961
2057648
7361994
8593707
8169175
8677536
257363
230379
5875744
7743904
9247606
8185404
5912252
2097108
7947555
6959503
1377026
6589863
7961346
5145805
3799357
8594743
1360132
2912648
568640
925319
2908795
4614464
7203134
9303853
2891376
6834999
9083762
1455339
1910732
1083371
6734099
6627128
4201258
1771362
7829532
8251260
2515280
3929620
9218400
6922197
2929465
3216132
7962785
4047607
299866
1642053
8854329
8227882
710853
1975368
6224400
1403520
6589182
2749123
9115499
183248
2605464
1712114
1403522
5505815
764233
7451603
5558079
5242349
6337237
9741627
4414848
6444507
7042680
5962744
4051858
4193327
8833228
8634534
5807436
3429804
7692781
3945939
2499679
6181049
40698
1264720
3510509
4625914
4980584
2048256
2109536
4560595
17544
2775464
5420148
8695357
8553398
3936420
2031924
3725354
8737848
8244292
1097722
732908
8738829
6260433
3361401
8103539
2859651
8978184
450981
2157421
1598277
4373659
8040532
3498602
4166239
6777441
7717906
8119470
300221
4720083
4791370
6520129
5457056
5643075
6252791
696782
7970182
9914715
5508554
2773461
432756
2107299
3730884
8852085
8483290
7182074
2220036
3905391
6863376
306053
8837276
160858
7948108
447483
4239191
4020479
4227272
9374683
296840
2961059
7359540
7456634
1917635
9055324
5063517
9337854
1463269
6807020
1122754
1844868
1111917
4314858
3377329
3898958
5458949
3303740
8542039
3489111
7964690
8423310
6407832
6017948
3739627
426488
1511707
6596369
4172407
930598
7290319
4527029
3369874
814488
232521
4919984
565073
7298576
4061821
5632337
9035480
9466526
6951559
3303125
4602748
1148829
5772861
3967110
5476561
4529753
1679418
8376225
5409628
4872482
2857626
4846545
6306765
8259225
26261
6818269
1216209
6259096
5275124
446115
6408408
925687
5823103
6080693
7968196
8958223
6628656
492349
7442153
7979145
1515289
1670847
7817043
8036365
7232133
196165
9527728
3114397
2867529
2116015
4822276
9205205
2814344
825775
8283137
245269
7707699
1110768
9889489
9961734
485971
7979521
9640548
9179948
333893
7646371
1067457
6595055
5588713
1583044
7713210
8787344
6270594
5722549
9357530
7705652
2137517
3488547
4074949
5153568
43759
5752568
3646078
1521408
6130029
7948985
5361373
1396666
5282758
7138390
7831849
6487414
5224790
6271871
1543904
4865580
6697280
9421578
6251403
5565351
4620391
3468439
1397653
5347866
2017035
2180544
8733449
5496752
8947472
8510657
6770235
6125569
5123298
6783873
7546897
8529107
1009587
2393244
7348842
7878720
8545794
1638917
3393476
955309
4310391
6433455
5547093
666805
6407437
1451869
1543806
1830294
8136576
6548713
5727898
5738397
6006123
716665
7065723
8565360
8080054
2518409
3188021
2123128
5673498
6930501
7306558
855772
7060719
1677495
3723860
6008042
5321163
1823726
2396818
2553985
102383
4240179
6750723
9551342
3655328
9170598
7487451
7388799
284253
2323429
3825171
1167733
1120231
8561447
3804223
8915225
958808
7708267
4422452
3017431
6118774
8639941
1306
4305962
7835095
5651477
5044577
8098233
1800423
7734471
7914668
1900279
6372436
1509829
569842
8676142
1412712
2810537
2808046
149508
39756
8885529
6904934
8047436
7819242
6285725
7576170
143072
6826595
453592
7509652
3624560
1601729
7508336
3852510
9558401
6493595
2797531
4090940
1850970
1730597
5415626
5526525
4394234
5772751
4497434
7074057
9002228
5516913
9530487
9519997
2183318
7780233
7914130
8536907
6519217
20336
1304022
9046691
9186070
6494452
4079099
1675573
2929465
7673734
8474296
8079079
439709
4784282
3777178
5427323
6384647
823762
2687017
5782758
3281124
2784103
7611537
3524078
4777594
829559
2393244
4170859
2993978
9180961
5380193
6677620
7941441
4576092
6470298
9033535
7502184
8995931
5366242
7528729
1807973
2975838
6872871
9945579
7994278
6827254
691339
3105795
5767436
403315
2953283
3734977
3191296
675329
8057066
161286
9801584
2887507
9836416
804336
7192989
6454032
7389874
4417805
9612594
7678704
7673222
5617216
216269
8570108
7279
9269994
433379
6900058
8522387
6187981
6812011
5553017
7201944
3655777
4428187
8528260
1400728
4790682
2828181
3433244
5816176
4347097
776767
7175139
4715028
1985437
2874793
1829698
6162695
507510
5202187
662811
9175254
2208120
2634628
3562250
1511170
2434776
7746490
8574924
8933115
3540426
2354827
8688197
4131804
5437792
8375192
1835553
3752476
1564045
6994128
2592287
576757
9442592
7329120
8966886
894969
7579618
5593046
9785049
3923723
1811499
6670656
3598445
9644059
1308432
3580128
8278486
2693185
3145861
8103335
8869956
4829359
9991840
1469421
2492957
3619489
8338763
3604314
3646165
7849556
791896
242892
7320956
9745344
5684899
3446818
5953641
1908576
1155786
3486493
882068
1700173
7206410
2600911
1009466
3755968
1352308
2718785
9789096
3928478
5660344
1864352
4708888
2923946
4634346
7515919
6170383
4914871
643273
3466658
7116193
6456929
7726588
4658079
9189375
7605475
6523062
1319603
8341889
9475088
5481611
7703697
4592238
5615482
5724383
7157199
6791360
9883388
8375928
4293048
1038269
611346
6785641
3361541
9340563
9755782
8634420
2399239
4942627
3337692
5160343
9807164
4953265
7429173
452573
3735958
5092772
5878972
2518448
5660145
938791
6838494
1415567
3453287
714966
7862495
4645732
6288721
599706
3249782
5832457
7220478
1415988
2379534
366215
7029107
9976485
229932
7006914
5614884
5913476
9803047
8390704
6862633
2255942
544332
567457
7980733
1159974
5888389
4619651
595612
7830819
5678147
9444500
4808954
1143912
1980525
2607089
1091294
5277984
17647
1812504
310453
1885111
2834886
437323
5980132
8541217
3014339
6319942
2845297
9190420
7438574
6996952
4221106
331238
6595917
7659655
9969374
6125649
6705999
7222237
3768485
1395275
212645
6232371
2380504
7704154
1662054
5594418
7324301
5865251
3209822
9234327
5343839
3484367
1168046
2161434
7802761
6385557
9135421
7910068
200609
1507814
2313914
3825618
3074638
6228389
534775
5196230
7643323
4641964
7479792
9161775
3142027
5123308
2603900
4838221
9730874
5202752
5696576
787715
1082673
7628987
6870517
778236
3241528
6442871
5488150
9597023
5435624
7305212
4232978
8780450
4012380
1942498
2306847
2726353
9276528
3444415
7817255
6013690
1698664
4396757
883391
119958
3946316
2258935
3830632
6363536
308089
8297074
8866717
550542
1219540
5709535
331821
5615482
9843950
1350541
9247858
716
8168616
9505415
6374438
9179434
8639941
1090723
4428780
8332083
527939
1484360
4350311
1069422
2960596
5938821
2956440
9200148
2294717
7700264
4334610
5148967
9721603
188351
5652349
2409318
5284266
1841865
4024953
6646115
7835888
89998
7270660
3797872
4001641
3195240
4001953
1186839
102734
4585026
6961582
7366759
7811322
7141331
9795437
2771365
8530285
5555710
2103094
5630605
4018624
9923565
671566
5014781
9384692
3807252
8676685
1524753
3727971
7031036
80202
1100679
4794846
1038328
9251332
3891361
1482577
9848320
1461376
742329
701507
5376348
811439
9936327
7841834
3435416
6062155
3356992
8235444
2442088
2008568
5909902
6792191
91997
6729714
4883481
8629878
3981950
7864191
8918384
889118
8858273
9396593
1049189
2657570
2015925
1218832
2267583
7112853
5659573
8467189
9694535
6762598
3295127
1166187
9347552
5768560
9500330
599745
8674121
1121593
6985847
7014748
1722675
1646056
5321887
2612634
4853787
869353
7046159
2887585
1701920
2310998
5279350
94631
5291166
4706974
4708264
6125109
2688539
2929056
9807643
3870733
8914670
4013753
3614163
4229698
4233624
6500627
1061656
7012965
1300645
3756871
8191336
1719369
62745
730371
8637843
2461861
9188660
1172878
1531628
9054134
8951880
2313610
8328645
5852677
8308150
4736022
3735279
3468439
2282263
9794542
5610689
5835390
731452
2541460
8720796
6052051
22808
9194163
9286272
5143659
4951140
9443079
2752543
1387229
9025537
5865505
7282161
410189
5091777
545188
9427283
1276320
6225653
6997192
4784282
6654106
3262272
8567618
9139245
384947
1552153
2297115
2045044
9980108
2829456
631432
6234366
2044276
8715588
1360571
6919576
10026
4897624
444284
4845840
8661802
4735750
6830440
8313379
5556043
525543
7305343
2466656
9158709
3424752
5734977
8295464
7954208
6002508
847401
1742355
602511
8829657
4072257
6848267
8260159
9552395
4820747
2357725
5106758
5490337
4577052
9196151
5398274
4526844
4134025
4534589
173561
1553061
7288637
77800
648833
8922074
3411794
2424807
729565
272231
5531088
9309921
3070233
5649537
4957186
7595281
742932
2271379
9675947
2080658
323142
2647590
7907836
8394981
4005522
7776214
3019639
119644
647140
2258121
9183314
7897519
3032343
2883340
6212151
5873635
9378499
9702124
4530916
8755183
6970105
7669951
120990
2249509
1635713
6754019
1750617
1561987
7290705
6853792
6081095
3918910
8842273
1494746
2935151
4513975
3237298
3008800
5915291
258940
3914421
8426728
1632699
1279294
2768210
5291914
9631558
9834849
9952551
957314
5307449
9692753
8402648
9976140
5370868
4353685
681856
4766254
6139015
8895564
9068042
4053053
1868171
1401723
3458090
9035210
9403960
6384300
8347917
2899970
6292764
3147348
4451496
5800249
1329298
4339691
2449187
5758673
6851955
8833835
7529755
6154771
5180562
9200111
4016428
7796174
256455
6326484
3576956
5435866
3122228
2509309
3409757
2468247
5405123
1259681
6874153
7428361
6502433
3188910
1806141
8012519
2975845
8209772
1987449
7123559
123393
1640200
2410978
6638501
8987064
3642913
5594786
7674822
806241
7495203
3374887
4988946
3563027
4885581
9689411
6155330
558070
7841890
8707755
6560233
1606732
7895064
5582275
212892
3074680
4126509
6661879
8646181
390934
7537213
142762
7656569
5995999
970126
4516706
5806384
5501997
3928585
6340521
4092384
412569
8896762
6654994
6756517
3720429
8500597
9822120
9003246
3538045
7937219
5568265
6823926
7930237
9954801
5299369
6781947
1363438
3421822
9965
3734264
7655055
2618155
990070
7986371
597509
667960
2291564
8022989
9966756
9180486
2223837
6164665
5816229
1010403
4620354
8038394
5720940
6458488
8625895
9350688
6451525
592018
7035590
4536820
2000018
6161404
7615753
5776237
4432241
5332196
9683595
7718570
7300183
7845073
1312142
1368076
3856237
288014
5702666
1731256
5344519
513483
254267
8248330
6948192
9524797
3807228
2317665
4084858
4278478
6786012
3962828
1535137
597133
7183759
4549762
9542619
2863619
8587827
2943348
131419
1961836
9094791
731256
3680717
4139105
2035529
1399104
3451981
4994201
8077857
3557588
9010552
5145534
1866887
3030571
1125716
7469639
9385380
449929
7024619
258874
6271752
8375928
6024507
5310600
1959570
4061717
503924
778475
3332315
5001875
1085428
5112382
183766
8874508
4103979
9993360
3297462
2321399
5979041
3974913
2627775
7921706
623884
5875562
5029558
8366273
7041271
7227175
2000348
7747877
8823884
5563202
4303166
8739879
3522635
1451393
8464282
5460123
5859411
6040476
1460336
1977471
5060366
2205370
4300227
6163933
4183185
5904354
6524664
2294247
4714642
8883958
2495980
7990663
9260680
6870433
7116544
8904963
3539690
8620224
3765141
7071459
1224287
2326643
5530286
5819685
4240220
7682248
8879353
957674
3735856
7496956
7400178
1025965
1356345
9681912
4890451
9847455
5262374
8216217
1427722
9755878
9544356
7008442
3216870
5992070
9750958
4365944
4311032
3972247
551128
7093603
4637310
2763587
823219
7119949
8850910
7319871
7213742
5511260
4217844
9780538
6966224
9359190
5905050
7089804
8830876
5395157
7073471
5684133
6596969
2953283
1911600
9184483
3720429
7107750
786838
3121193
7825788
6008822
1782178
6660328
8461439
8276845
6561455
9375479
1816564
2247795
2899547
1925872
7732329
4827386
6940943
8584812
4199908
5881208
5530286
256975
4398866
977011
2175029
1789422
887155
6186064
341058
9395808
2968199
598393
7005908
2593896
2720647
751341
8563960
4892685
8318553
760782
2860499
6396016
673198
9529135
2789234
5324741
3519180
8085850
1956534
3066723
356809
9633746
5070862
4813704
8468397
6980960
3700628
3783537
6967836
5591528
7621002
1717655
5432930
9764845
577688
1301701
1339482
4684297
1068752
7970892
1179623
2625206
6557785
1227958
8220158
5885409
4902300
9258332
7751273
7400164
3087509
5257306
8408102
2510278
6316270
9775520
3067865
7061197
4948610
2455182
3880054
2317530
2593728
6393147
4747770
6624707
755075
1703102
7021614
5370254
664390
9868845
8375861
9278335
6742829
9258171
8429586
2578645
344467
5212870
6906332
2035819
1956446
8721963
9155632
7894966
5640139
9213647
2361508
3565298
6833754
2187843
1890104
3465810
7043528
8919242
1445014
3574446
7642699
8612607
9755353
5993660
2619025
8782463
3618660
2707243
4344331
1840019
5122723
8317770
6501081
4158342
2847959
7523380
713818
7894182
2013398
134866
8875156
865695
9148753
1828124
480438
1304051
7243353
1406299
3409975
142554
7972118
3401878
5353127
5398122
338920
812593
2621982
5152652
6807037
7875645
2230144
714919
5904292
6816210
1092870
4875438
2177684
1277514
7690597
5028344
34854
8654511
8633113
5998206
1585686
5154098
2208889
7360893
1820816
1396538
9537964
1550493
5753209
792786
5334657
650690
7528729
4072852
6823351
9992418
9054122
8753590
1131290
8362669
3773694
6164542
8085044
5580105
6616352
4711417
9654929
3703048
3295905
6267211
2332810
1572653
1788768
4485510
4661360
5112202
3648926
8161606
9946849
2025108
706313
8763380
346384
500464
6959366
9275471
4723443
4828205
6388794
337577
4526796
3084445
2309581
3671531
7794950
2195294
8565360
9443794
804696
1081786
3888384
2033673
5617404
5363484
6230341
5595158
362011
4057978
8920553
7769304
5091757
8811934
9483149
155098
1878831
2997378
9938009
4160507
7000939
7193233
1930555
2574238
4260661
3101133
9262248
3147088
8706064
4980512
2818232
8202204
6805545
6182662
5909690
4335050
2134
5741360
4850587
4344331
490627
7817255
4392048
9277753
8044133
1605412
5997293
2175545
7324565
5613335
220286
2503985
1836537
412268
4483379
4621498
1056560
6580037
4908170
6816466
97490
9848322
641787
944607
3661864
8771688
7913361
370651
6443598
55354
2100231
8005064
8978240
6711737
8685351
5348604
7290319
38913
6377306
5428032
2493433
6724524
9860703
6200158
9185564
3527600
4771537
7894182
4399335
5348488
1719257
3589532
5955271
701438
1698658
3911040
8472909
8834582
2114470
7121231
8905036
8055455
6794011
7225757
2697378
9391061
2731758
5035661
8453846
45222
3172493
8379654
3352065
2997374
617839
5802980
7686378
4354630
5939085
1597841
8360752
5345834
922333
3578622
2626047
778518
5720675
5649542
9055606
1232104
3406475
689497
6923843
1803016
5105616
3850378
1857203
9334932
8224060
4182226
9592596
8539224
567457
5151124
88845
6406210
3605115
2847326
4953158
7196277
5282229
1978220
9699275
7210775
6765753
5226678
1772510
652428
1003736
6128148
3973880
7194800
8311860
1329708
3612783
7968844
2176222
9879322
431450
5381764
419987
7910063
5045179
4842670
2835468
631432
5713069
6424187
5271336
9090423
8500712
5296875
3333295
6568143
8269569
5960248
9338336
766133
9622366
1618819
5663230
1229059
6811427
1516798
984553
1224433
205597
5456457
8854451
2276172
2639580
6711642
1463269
3416479
8196599
1810380
851076
6967836
1989959
5361836
9705986
7303999
9577558
2439311
7238222
6509947
6038280
6597856
9743082
6109408
2940966
7425667
8967253
4488631
8462754
4752866
1066941
6655500
5775618
1162388
734726
815741
4412484
9386828
9125486
3207703
7385967
9276685
4866128
7181849
4391023
4532545
4199849
6702126
8659172
7503274
826901
3828062
377373
5333845
1145030
6273788
7326041
6203176
6115374
2520905
7689518
8883749
9182335
5426381
6119025
699198
9130425
2587089
4737649
2365485
4923881
147465
7852396
1486789
4314224
4213541
1941018
5271184
4968452
9188822
1880689
305838
4638091
6661224
6547268
4272180
400408
3967110
294172
2169258
8018483
1607206
6507610
2163755
536506
8534189
1915019
6787959
9568400
7986274
1168303
6623045
6044275
7635221
9342579
7410404
7532423
8199304
5874322
2237351
4046258
3134010
3863130
4656897
9929425
3239812
9284696
5289935
8445805
7376870
5880409
9554071
6994567
899614
758221
1346068
1616463
5857777
9329874
3665739
312142
4912490
4151355
9058881
858787
7074793
822166
6970001
2359252
153311
3512831
9156275
2860825
3526003
6073694
8755183
1736813
9506843
3702309
5259288
8696166
8969216
2428724
1436299
8827409
5902190
758730
98308
8921520
8315226
2867394
5284582
9016410
1512354
2856318
6273042
518945
1897173
2574670
2746659
9783040
9505533
8688875
9112425
4538033
7510750
1524753
8803208
6007223
5084389
6741235
7178784
7391175
3472056
1810277
2219363
1619996
2738576
6079519
6546464
9777250
3471372
5360714
4677115
2584983
4657159
2726353
9463029
9601801
4507847
8486926
7484714
4528569
4370853
8131869
7686305
5194553
8434137
9527617
8212929
6616229
3887111
293416
3746350
9918694
1678651
2207625
4558431
8090998
2775777
2104869
6683586
8363464
4703926
339424
6977577
3334809
2933054
5374128
4548839
3031530
3523786
7490321
3472486
5656782
9548980
5762555
6867558
3964397
1075248
8059480
6734170
5567136
9173774
6865696
2655458
8603431
2813673
1096502
3726138
3958324
2599215
6385828
5488210
1406795
2284150
6967663
3663292
6482910
9976012
8652873
4685834
6047201
3448387
6935029
4549238
1992885
1277127
5007023
8570638
6913640
5337044
6904515
6807808
4491699
2351375
1913119
5035874
4295728
2227661
5721344
9078713
1959570
7025731
8362669
5239668
2461144
95860
8921520
2228561
6625693
4930557
1129010
4247250
2060125
2968029
5426139
5595229
9414206
3677228
1515215
5055328
6885733
2442177
2816402
9964169
6443160
3292909
5661536
4714744
7329226
6421156
3655328
7560675
8517036
8543129
5295610
5041300
5380233
3759445
484713
3842549
4404196
1874555
5038001
7496570
1013182
8433432
2988804
6195967
5362287
4100561
2913628
7881036
1567785
7155099
4171399
2292424
7095771
8929164
3643706
7434699
6684089
9283371
3914448
6286032
5272908
2188092
2136524
8247220
214516
7446488
9829248
5071303
4292460
7169031
9110350
6154043
4139750
5212228
7019734
6086147
7383196
1436329
1654696
5174246
9503630
1734351
5922658
5716428
1336267
856652
3986125
9231009
5805026
971283
9287027
2148045
4290413
7403674
4873130
5235302
7150489
3693664
5627495
3155953
6917921
2475326
2915052
9683117
964070
6846188
6737441
1690589
975655
779816
1431743
671732
8249709
9242688
1662444
2608163
7373898
6008449
9568848
9653352
1839147
2704666
5697690
8307183
5654869
4036232
8643011
9229674
1613855
3613915
3342644
1527914
4285615
2952795
7697348
9909316
5505553
5775983
46086
6216508
3286644
549164
918692
2434577
6953096
6652790
6222390
1398908
7419234
1201420
8949813
7421724
9908823
7005968
8114947
4740884
9632630
3730313
4639437
212952
3252142
9126355
8629461
6044275
6005948
1376523
7025457
3141239
4319496
9641609
5726247
5552443
2343650
6292604
2903120
3357821
395344
8833251
1033493
2247845
8701877
4494188
8912515
1384794
9848802
1187110
2477564
9503230
3119126
5031757
2300108
543260
3225860
5759829
6401052
6469958
4198177
9936067
948359
7492270
4016920
1463556
5799702
3928070
7917978
871575
6668302
4456941
3999130
4369856
2507596
1869249
4985818
3559601
2140782
9420171
3010967
9826358
1333491
4618039
8446769
8290319
4772207
5068109
9105935
7283029
3197425
1959853
2525012
7108461
8076287
5585082
1091153
1352703
4698939
3130870
2881215
6069841
8304015
2302599
1813805
3807252
1668284
933132
2718295
9386500
9923856
5123308
6333501
4170965
9041045
5017364
2097180
4122254
117744
3361541
8447393
9037021
8683217
1280469
6688891
5870436
6952169
7669104
6755702
3685728
7598724
9398828
848841
1181720
5353545
1397100
5919152
2765992
3238090
3364211
3844433
523957
9154944
127818
2890258
8305205
769964
3160560
4315290
1751694
4155284
8416051
4176442
6422058
3968728
3035412
373428
7479649
5387439
6436716
535461
4113279
7083885
7744839
9614772
8447732
3302260
2389830
346421
3176274
6006397
4847930
2840790
5931350
3748538
7425690
2972327
3979575
7999220
9452938
4086578
6793834
2346233
541571
8835186
785709
2098406
8082000
3601839
212491
5106438
700673
861633
7188506
2465933
9266090
4400495
8677266
1258074
5275845
5350085
7861921
3879308
906025
2131262
7397665
8414668
4425200
1331793
5688916
8540978
6667613
5381444
9662312
9144287
1843742
9051997
5024064
9897464
4329493
584151
407727
4517394
577080
8144608
7584909
4639380
4479809
8176518
8832391
6957128
6083292
9229623
1254549
8336161
6478366
6231951
811005
2014187
7599005
9339543
3324592
8281263
700312
9023922
6899016
7713360
9707001
2189671
3553851
9919147
3166555
8110907
8304670
7067878
1985581
2177159
5186805
4971017
2159849
9513450
1600107
1473117
4562978
7954548
5138948
582895
9773250
6740530
2096369
3051645
1490976
7200520
6347565
2896824
4269024
3959526
6925634
8477064
3484577
2765992
6423927
5285976
717772
1910413
551128
6615582
1771878
5988648
4339565
4787847
7717313
7743970
9403024
7639226
3174166
2908328
7422014
8425603
6752138
8722859
3708155
7275769
5215010
5989429
1894730
4549201
2052059
2071252
8524303
3543822
3343695
3559311
7596488
6946196
9119533
3061878
9397884
6069656
6352562
9314988
4673155
4513366
4369642
7563312
1005572
7140994
7017204
6412012
7115925
4922063
1396538
4447878
3530037
9164343
8489702
9379581
3902047
893635
9064392
8062153
5034431
4069525
9008381
909669
3312713
5459827
7256801
3808167
9117662
940293
9075953
4599343
8865273
3078203
2379285
3161506
4005774
2784911
2626709
4678474
6959503
1851696
6932216
7673012
4460321
8329826
4188907
7620365
2599501
1615002
3515246
8260845
4940395
8654264
3402688
701757
9616513
6151220
8906099
2012741
6084264
3527238
6244650
2226809
6159999
1598425
30325
178983
7822103
5021205
2752365
1013692
8065559
1102689
9607025
8923196
8224033
7267778
2025183
9438156
8625119
9694591
6939515
6986307
6074265
6985483
9530114
4721361
5488842
5648516
7784546
9885471
3848106
8711977
7607368
8567618
1502788
7867915
7948023
9045415
8880161
6558581
4756587
2372539
6807226
860075
9164088
9183972
7157994
1055697
988271
4813586
7307055
9573982
6549781
4743457
9598882
4577013
625240
1812851
3098874
8420904
9513872
1866887
7036519
6699362
3213007
7906268
2575291
7901773
2442534
3151207
4712298
7677211
2259179
1344108
6344399
8734600
7530151
8916486
8369920
142762
7291640
143913
4498296
2724143
1498722
4082665
8743869
9427174
5972225
2807445
2501078
9725119
886501
7037647
1790237
5596147
6529124
5375668
1309433
3803111
8365439
8584285
187759
8779722
5548839
3372357
2971590
769802
7139713
3956460
3948649
8106419
9407062
9108815
5941748
1379630
1281616
6669145
7928664
7049776
4570081
7466113
1571735
8173482
7975987
8101894
3905104
4455202
3215869
5281779
8766920
8576033
7250438
3575720
7233947
6342354
5298101
671767
7614479
5772323
6942843
6897338
9372845
90788
3662641
9791746
410818
5500182
7720949
1107626
5360709
6749151
8311587
8967239
1834242
8754519
6575126
7232255
5737149
8843013
5838198
2994895
6059675
5768739
6665011
5944544
4061414
605562
5759539
4333708
6844523
5650459
711778
1752255
8099647
6829568
9971753
187968
3319869
8049284
6451693
1721131
3610476
1636797
2787222
6706683
7697207
4264144
5303595
2523714
656278
3304239
2389121
6667719
9065141
8146583
7595904
1257859
1610291
1451545
5983735
8286710
4693338
7064359
977596
2903474
7678342
4152024
7578267
2230773
5011300
7269653
8246772
5459947
9398087
9258838
1423119
4967499
1412541
3741988
9585750
3488547
3745660
870415
768072
483083
5927664
6554427
791749
7632022
1884468
4334365
2585597
417622
1181586
3327290
3335034
4422281
6371850
3179000
9493896
2191492
3351462
502804
4062704
8315577
2934019
8095636
8852861
9246231
9034649
2291557
3249226
1796428
7502538
6504299
106228
1056198
2122172
7665024
863493
4574132
8703294
6884795
8058063
3445775
2316244
9199374
7720073
1282405
1910090
1462088
33572
5314910
2390411
2673321
540279
7687524
2905544
7584560
892998
146876
7047696
8548675
1172128
7442247
1656961
1945272
1035598
1124429
6005998
7384426
4274114
2658975
1612611
929508
3270682
109082
9518673
273066
4713294
6324602
5320359
7532497
5372740
8603909
3572741
5617218
2753153
9757469
8090345
9031412
4230075
6764716
8617632
8088397
6215209
2300672
649502
9499731
3482155
2156398
3182356
353143
2862723
2186021
860969
8321642
1202131
4503135
2461653
9020484
6035284
6564741
1120233
7066075
2325554
3452044
7297709
2906127
2219864
2327266
1296706
8948292
4744788
8292182
5381458
605190
1958000
5056699
9837302
3401390
8763859
1899580
832240
863292
2525012
2362922
7966911
3953930
5001828
1867508
1286977
3646048
5183404
1778139
5927605
4937426
8784987
2399883
778072
9088861
120718
3137288
5273220
8900233
1909249
3018320
6640259
8944511
8311860
4745035
5221044
8692381
3095416
5405321
6016053
4559196
7008504
1079893
7269261
5001387
7039815
6893884
6714616
4335920
8024307
6039615
619539
85107
9278309
7443455
2596533
9568424
1296552
204086
3078980
6779586
9551598
180991
6659997
5200560
6441025
9493496
316670
263216
586655
5403119
6963261
6743890
6102455
2553219
7442995
3672029
4001849
3208914
5626434
6835195
1640257
8082010
7172372
8629123
7450596
4267900
1635954
4257602
3443871
33572
9168184
4486443
6786065
9090423
1700002
5869181
1569454
8066452
3401790
5031114
7184969
6063631
7593713
1332706
9217262
4288429
917161
791749
7743434
4884711
6233790
8072343
2386983
3983665
7466113
4828567
7576117
5048820
5840433
9271127
3551440
1113476
4531787
1268478
1188215
2816592
3946808
6467845
317621
6442944
8884798
1455718
1683672
1710292
3458556
1494746
9935042
8714881
1043192
3586469
9498670
3872737
7198992
4036232
1470273
1629644
2689126
2062703
4729071
9100839
3160839
1167733
8588482
9774411
138942
5175943
8376225
89804
1599681
5594786
4179669
520218
414521
8568936
8885842
5783545
9914123
4223352
1948522
5314910
5336347
8759212
1717370
5354828
3855708
8076773
846805
8606172
6709666
2660633
3169923
3784733
1892918
5521369
9091028
1831934
8228237
8202039
4192461
5089182
3839488
3665766
4676704
2524532
5740502
8880021
701164
2802098
9492657
5802765
4455448
2081227
7688787
8493208
971214
7848968
7790215
7944244
8056620
9823264
9197242
9861122
4991080
8594950
3897915
4344331
3799784
9113680
5430264
8053981
9974004
781095
6020861
3979829
1166909
4669789
6261521
1167733
5618960
7406139
3448387
8610313
3101142
5811373
2574739
2286901
8146719
7627711
2341476
2953643
4668276
9798766
5122223
4719734
6317265
426576
6362528
6957492
9019924
1002441
235692
8052004
3100302
2447219
494654
7041454
943516
4496843
1132492
5724436
2142467
3907329
8229469
3055342
4277430
3184770
5072802
129262
8564065
3920535
1725120
8623275
4101065
928670
7342645
8071011
1802467
5489204
6433901
3008571
4675356
3340941
8883964
9674635
6176264
8654397
4957446
7648109
8547966
3956933
6869846
6421025
1988889
9015807
5862793
6669381
8202039
5842144
8262198
2016040
1081021
653248
8281856
2351964
6159996
8623377
6274833
914405
9053646
1035152
8884184
123815
7942542
455307
8974648
6809016
5648516
3315972
3901645
422952
9562833
3542689
6224433
3660638
6393357
3500201
4176542
1084183
5841560
8723113
4250161
7007934
3217727
3846045
2674244
793901
4903211
985013
9391295
3829984
4762630
3001179
282702
5246258
4117780
2954114
3459904
2438821
9078065
1339482
7274026
8345569
1835846
2765680
4560595
8356019
1916935
4885012
9588942
986977
2213587
9389873
1256740
6607263
8212656
5913207
3641370
9282061
7907526
9597922
2673058
5175680
7680075
2926685
8793670
497101
5636173
6716714
1072085
7184522
7233278
1233924
9128727
4050292
4032481
3990516
6374837
5866721
6604036
3186055
47311
1838098
9051890
1077161
7834580
1817668
1061043
3272425
749403
9801338
241864
3733180
7075125
1696468
35729
9187949
639137
4503135
5244113
866619
2993104
3995830
6083450
2327365
4726448
5940916
6259741
39516
4396602
5367083
5331620
3948076
5621572
6136083
9058754
6443954
3704288
4456429
793771
8980358
7296417
1588643
7969604
9257915
7855749
5146377
8462120
9380674
3234404
7121486
8237542
1834466
8591375
8368997
2135443
9880257
1872595
3960988
7806825
3209853
9045532
665864
2412081
726025
5519673
2076249
9025362
8990578
97490
8334751
3928070
8226645
9022701
4190427
4562986
137654
4061717
5928016
3110633
265370
5674138
8812490
8944511
4672565
5154338
7322736
2950428
8066672
5913076
8220945
8486926
4839736
2218924
6269351
4607957
1343934
1278280
1759341
8360271
5834420
1635659
9837444
5102483
8898238
3355325
1561987
8780785
6856065
9416165
7912696
8444893
4938716
2286652
1545289
5200560
404551
6190790
6224485
114523
4165146
4805963
318899
6194783
8404534
8343158
9639716
1605878
3309056
8070295
8164354
8684807
7668637
5307126
1961389
9289052
2541292
8642603
7367658
6718843
5362085
5815921
6046391
7025868
8603949
9943139
2710693
4372277
3225909
4213963
7790414
5605711
5020982
4611796
9151596
2900816
7424274
3271118
4828762
8965019
1551263
4196847
7381694
4116930
9818188
5285830
5454787
9811940
8500712
6664807
9773250
2150140
731588
6817043
1314319
9344203
8597917
9145373
8873103
5088473
2673321
6039199
726598
7121629
2241920
1766703
2845297
9570626
4831119
1700855
9714778
2990511
3158269
6237903
8546822
5724734
1638099
8778058
6723856
5549001
8136576
6524784
8690094
9923249
9050791
7178518
4300638
5100539
4044050
5568574
9079484
981232
379237
2924553
5605899
3228989
5301048
1316785
3318188
8654911
168176
9024082
673359
6885083
5585627
5852037
319562
2993179
6470298
6335711
6786233
3391852
164576
1203811
3474754
4843372
762734
9616169
6867558
329759
5075533
8018042
1510898
6528355
7933991
2604659
7524282
4089396
3252639
763808
738954
9630654
1654405
754821
6486605
4009630
9703319
5600025
9495483
8648819
4346757
7127955
7823358
9353924
4707327
7945915
8505927
1590939
5849538
6384124
903390
1914543
3802908
7850791
2952795
4425320
5509063
605680
7511492
5602228
7029241
2035243
4956419
2073638
2354335
7991331
1993379
4975782
6926004
805682
3188485
558910
2695191
4535719
2116015
2268746
9397564
4488122
8305205
1976568
6360845
3915952
6491116
9324272
3712514
2425235
5136717
8811920
2435300
1045885
6553393
86928
7990449
102383
9980723
5203085
458292
5011456
2444042
4697826
7294588
5117672
1300559
6555146
9753339
7933369
6568584
7763614
766718
9995247
6236407
4393269
4267688
6407606
4582299
5974437
856397
7457541
3710271
7318221
5058105
2554725
6108767
6819421
8723621
7940411
7228611
6982965
6550230
9800896
390946
6299436
4630217
7670413
6140690
4082445
8973334
6424394
4590233
8113392
1579287
770528
6146912
9512042
4971762
5375483
1465712
5596323
7025985
1455718
1232104
6942444
1431450
4474993
5889168
4462559
2620181
9514415
7519713
9007510
4701044
204126
3603769
5493230
9898100
959521
1894328
7467973
7525707
7935555
1268439
7935256
8439510
2448848
3120816
9119110
2573531
9612105
1552153
1187066
5341217
4861614
3850058
7287158
6215001
1976169
665114
5195175
82690
8246752
3458995
9228214
5640625
1768571
2513540
5046645
656038
4910018
5580061
4434388
4159435
2876624
8816407
8386117
5858817
6895564
3443871
5475776
4545039
2873245
7802235
6909982
3588661
9933724
672294
8865745
7926928
6272735
4926033
4690866
588041
3145721
3011884
2143228
3655328
8526251
8094504
9583421
4722669
8251613
6409010
7064123
7009514
3433198
4013784
992645
4821700
1767952
6181632
6951797
1429969
736490
2154144
1616051
2975676
864777
7071327
1601927
9474149
442038
3316333
486468
2015392
1188854
4373978
4050292
481723
3871307
3818064
266077
8389337
8436676
3188889
7006291
6026931
4183539
970414
487548
9156275
2467980
3992672
5526334
4428491
3288917
5589643
5602551
1411615
5015590
1185851
1804218
8158448
8089665
2493155
1107420
4931485
3387710
4913799
2575183
4673914
4027923
6988770
2419113
1031726
8021090
9798539
4358081
7763614
5038001
3486320
8203995
7616813
4048685
1138294
1762371
5469236
7907771
7866454
3315205
6920621
6350379
114016
8413293
9450451
5661536
5600919
1699390
4124811
2703388
2420838
6869872
5420653
5033848
935520
3681920
9587762
4619646
7747737
6075646
7005968
8090345
5105130
6024738
2461653
7092023
1784304
8276500
1187732
7241044
1191170
459303
1564729
502148
4988577
683208
8476720
4241676
8955326
6616352
5659228
8110712
299767
2390651
6411134
599623
4922185
9194639
8993518
9992567
6094952
1877178
8635782
2389637
7649227
4169132
8115029
9056886
4966447
1097526
7472871
8078331
3548861
1300092
8846441
452625
587249
8514719
4236424
6907257
406193
8652852
1978578
6853792
9530786
7429752
3283401
3145721
5656642
4853085
665559
9704854
3377908
672314
9511412
4690468
3095222
8859975
3509155
871922
5771021
8158687
3150704
1582997
752430
37152
2637300
9377330
5939433
6199827
7732475
4846812
9734383
1389205
4188838
2317818
8742796
6470364
5066447
186688
3105884
5573357
9662190
2283112
7957072
4753562
6494764
7382520
7347022
535470
6512869
6473738
1704512
493098
9400960
6389195
1413858
6960562
2538375
8467255
669572
5918136
7735264
2195294
9905832
8008030
8151248
4868131
7383117
8865485
2284582
148245
3963654
1457113
5411131
9601801
8637180
6541972
8055455
4299460
2671670
6844002
4306427
922157
4283565
189722
1777866
8218904
3626319
8343171
7406786
6256840
5410634
1223911
3668933
8297448
9730766
8765565
8223805
4787112
8703826
496937
1134292
5983974
5076097
2903596
6716501
971668
7821919
8041889
7740891
4265055
93071
2769716
8047436
1584832
6289562
4551945
9592719
3943357
1751845
9533533
7123627
2795973
2930143
909410
938905
875503
7518505
8916606
6216765
3824704
1918151
2062798
9266775
6844523
4545489
5881541
3181386
8302956
379692
7437459
8763297
4786868
3692117
1388306
2350692
8613005
681849
8670231
4446216
9815289
6512869
6735186
7467610
2599908
4297414
7115195
4035431
7566591
544889
6065449
1308120
1813959
7933530
3842526
1829317
9010094
1296919
8022569
5101936
2892556
2070308
6642145
8794280
2683366
8384336
9034191
8036330
3735890
7197050
5871807
8039368
9707824
2137371
5054754
2522424
7586821
322124
2212772
1665993
1828725
8692342
6867558
8746094
6790691
7727477
1431624
8321642
8915310
9843423
4053399
8814176
8681931
5780278
2461934
122430
2078880
2484026
7781935
4697689
9155730
7111673
6821652
4272831
2489609
3473652
3259975
7832198
1849585
590957
2420187
3530558
3181678
8349076
3207384
12960
5214979
8906289
6204613
6802832
9293040
4099481
3519795
3949858
8438321
5414430
8228546
6473344
6215710
4848594
6507830
473563
5745172
1316324
4767084
3170958
9501675
2902155
4129625
5759658
1947693
7065723
2803089
8289269
7071099
1759731
8516337
9822561
8760516
8966817
468807
2071981
6227300
2405702
3703048
2883134
1984189
9892552
5976511
4500238
7376448
5907907
1688918
9748681
2857466
6294408
6142516
7637589
8504238
1829566
3223648
460706
8695038
39662
3603559
6378264
4255702
7441565
7139298
5783052
6139806
4395479
3329310
6215
1142871
6983424
388599
7696367
6409922
5483908
140896
3883974
2728071
7761260
7189096
1373504
3649370
4570596
1184449
5232496
3771572
9000334
6115704
1890037
76777
9545263
5158432
1446414
9856771
2467234
2270485
7092193
1709993
664979
647100
3367806
3672145
4732448
8315577
5988343
4284527
1318424
6540676
9011815
9803073
563349
9546804
2505084
3485477
334481
1808446
2187802
6725854
3654211
3841494
8955479
5734205
830020
2437014
5778451
3487992
438007
2117522
4456429
5619708
4090940
5110060
6081426
3303813
1871474
6906240
5696589
2835102
2910999
2625801
2630815
1404673
1322101
4623092
2026023
7064945
7841890
9976942
3372886
2568723
3454983
5415218
1004628
4409365
1153083
1102780
2930818
7862584
5581450
3027138
5428625
9474149
1259174
5469281
3508121
7164815
4352876
5718356
9218553
8410217
7235299
9454665
234846
7340399
9565196
2924719
6177240
4330852
1260508
2161978
3984920
8993289
2703463
1195026
1200250
713075
4576676
2459198
7212834
7949778
2900245
7480862
2838437
4258743
2461653
8019982
610781
5109714
7405729
6598102
457876
9108251
7029082
1364024
6198633
2455785
5144945
8779702
150246
6716207
5175680
2216862
9770221
8906842
4412525
7428871
57186
3543330
9144374
4152829
2741846
9900877
9757401
5566044
3400695
7077378
2932238
4184997
4780725
8502763
9596268
9416245
8312811
1200339
1455718
4812794
8650315
2796550
3997224
3569154
2615745
3250923
7580171
5990272
8902242
1541590
1077019
1614850
5335656
963148
4838333
8619553
9936143
6592461
3350693
5629465
7907396
424113
6163558
8119251
5404879
401187
5626013
2633393
1678912
333839
8156982
4728295
3474363
9920343
4783498
3844971
6955622
5387672
5992303
7713056
7830907
790867
5722665
6686425
5737975
1653674
6028797
5162806
8653564
7966631
9475407
864685
880673
2988740
4666793
4291276
9028344
6856743
3733919
4198736
541873
5089503
395127
3067106
5548806
2964831
2967499
7371808
5758368
126038
761764
2013569
762714
5816471
4586151
5694521
5469747
4037897
9425309
5405197
1178363
2697669
5544468
1363975
1908214
4807823
5222612
9511335
7654823
7411507
8160678
2858225
6155975
9306313
415777
4185064
3241744
6643220
1443327
4789776
5167925
3731368
247981
292257
186732
4874102
8701598
7516289
6473718
1702416
9495936
4399040
2242128
7962422
1487633
6258129
7747104
6044275
275843
9839589
5514329
2180544
6418569
7297751
6876089
1541673
1248029
9212873
5939401
1132764
4140453
8065506
1536249
9403266
4574342
5602837
1492311
7941409
6253191
9609519
4190663
5889923
148557
9050013
5807436
5245755
4805524
2794194
2053072
4715562
4417805
1647304
9962437
8659196
1998010
3777322
693118
4597439
9136306
7965989
4880098
4973714
5337127
6884599
3393317
6603879
432798
6829398
3827912
9816046
8502653
2104605
7377446
9093001
7294588
5962980
3513922
4023490
9452571
4282758
207634
7900862
8409983
7765955
7680233
3728824
388674
3506763
3215667
3862957
3127872
4607994
9306569
6408630
4575759
149501
6971509
3067865
8464498
7225256
7577511
3542374
3654255
880673
4566712
259322
4426931
7631781
4271644
7413887
1069422
8541952
3448807
1173699
4202045
6789781
2942854
6334527
7346130
7050208
7009171
733756
4270708
4740281
5113752
1751690
5170312
2960235
1847483
1018696
9979263
4390852
863515
1584699
8365278
4577168
7064359
5732435
733572
2214616
4299958
2314010
7915795
287643
8135079
296451
5220842
9313251
5700037
2697669
1616825
417185
2933054
7692345
8546617
3580949
8288340
6828056
6333474
1132246
4854216
4327483
7332113
2040749
4619282
7621368
1303260
7939816
3608449
4608121
2575291
2615869
4798526
5420120
7722451
4146019
5094315
7528920
5661536
9533810
2312104
9210344
3872580
614450
4894173
2281277
8637181
2905908
530297
1740227
4617513
8333058
9757771
3456954
6176474
5389141
3039100
6627351
8092543
6809136
9315946
4387629
4262497
474883
4061851
3524164
7059362
2356228
166557
3246897
8646352
8294501
1124400
4314224
9740489
6108984
5110599
8351573
6645539
631597
8437965
3680717
5282229
3608263
2676612
4353591
6406507
4001919
7351197
5602154
9895975
9993888
1265249
5844943
9463232
948168
8056782
8378913
6771553
9702464
1891939
2899898
3327953
5766334
2918133
649336
4311032
663772
8582772
6051514
2001540
9010851
1686565
3303907
4254108
5665845
3219355
6672448
5639253
2032620
4763379
3712722
8124881
2945765
581853
705079
2592662
6296658
8043416
1621203
3472604
4538131
8447179
9867612
1234985
7659546
2244192
6833215
4704478
4590936
8913385
8831500
844298
6514103
8761682
7910213
102383
1284768
6785364
1566886
2322330
3710801
3134532
3462932
3438785
4625314
6270650
6676523
3979868
9324654
2656920
3094691
2027860
5849219
7862584
4593907
3663
1997732
8448078
1362527
8894719
1402727
99328
8791945
1640627
6886240
7584456
1063313
6763522
7304771
309230
4665027
8157099
273101
6084606
4858709
5842144
9969472
8903415
6408408
4276642
8360228
8973013
7673525
1610275
4281440
3842397
5553785
7454417
1043642
7638960
9745950
3154037
5234921
1870223
548832
7218348
892962
5433430
8307279
6884599
4504045
6412688
4868912
8270796
7415224
6683475
7899178
2366397
371503
5419991
7124930
5937538
5602837
47478
3050933
4993799
6781562
7410220
1244142
4643329
7538967
7340399
2441253
117588
3377891
940012
846997
7883798
7746997
4701123
8144546
2524259
6578148
4840386
3084699
9322574
2850034
664979
6028462
4907284
7083707
336128
3102224
3006704
3114527
8336510
8832391
5364883
9522438
9906571
9841623
7264283
7350677
9018406
9268478
7226548
7692398
7762121
8119812
948339
1814320
5480264
7372615
4252279
7415224
4011913
3890076
6640967
2845701
7486958
7192019
4981954
2571226
864356
9678305
1097095
2124043
7019667
1298978
8408354
8270071
9383412
6695282
2299427
6585983
7123332
4394722
5764965
161485
7429322
155640
5629954
8645849
9049750
1635954
3242877
7905163
1131198
3197127
5838697
1757908
6315414
7697121
2059366
9883111
5488128
329517
698175
9379585
3893874
536077
4857075
433039
9651131
6997645
759120
6406179
599767
9473322
7879208
8498200
5738569
1292101
8798584
3775740
5463676
8600081
5565368
2506053
2433088
492349
1016266
3776782
2678716
6569211
6343729
9012439
8842680
3378856
8508526
6645266
432719
2317163
2061214
3741472
8571206
2970740
9179065
4012969
6993424
8921491
945205
9693625
5523336
703451
497025
5204324
2600156
9506259
5734174
630014
9748309
619891
4822624
1790266
4379365
2317649
1773364
5816042
956170
5641574
327870
6009366
6859763
9860063
2241709
3908036
2362320
5291220
715449
2387027
5490055
3160560
9468616
3399471
2763442
6145268
8370895
6706547
9738084
9667494
8716324
399542
5069385
3629763
3818212
9523150
2771160
1382199
8888987
1273081
7170865
6331797
4531787
7232419
3585362
6220807
6179201
4644463
2244692
9749314
5490752
3296924
597017
1518296
643316
30056
3254775
7994158
9519819
2987445
843794
6836592
8404147
4355687
7042588
4814829
193872
9165784
3931282
3557805
2809868
6055692
1967819
35886
1948626
3231112
8462965
9545716
8714393
7149183
1381774
8760959
7386777
3598916
962278
8510700
8216035
7798423
415332
5492757
9202442
5420659
4991754
772696
4159818
1343480
8590943
34406
7369880
1528049
1743204
1136262
4928991
8409055
7979686
962900
1376464
3491918
2591053
4190444
2671670
5209385
7577137
7021167
7036967
4212291
2057758
3729069
7075454
1439296
6744633
4979442
2095144
4733936
63418
5767802
1434435
3215869
5252564
8483163
2791305
7529425
1810558
548901
8671904
8258374
6987316
990506
9340458
7344014
4697250
5421231
7812989
8657701
3829707
6237398
1394928
3249541
9609359
887645
1235020
1679853
9992772
8252887
3548260
3469507
2607876
375724
8060634
2492201
5244607
5797284
2733202
3966959
5018081
6983814
7375725
8250947
8240683
8285359
5085788
552389
4530206
9774411
5981425
7713360
8391539
4202802
9258449
4177976
7981300
2733689
7864621
6855146
5551032
6608340
1301701
480328
3604220
6729117
5122588
1024059
9402440
4851637
1879087
2304077
1751845
3918287
7711391
3158937
3011609
1406491
5724962
6845809
2964487
9104953
3747068
6536817
9482699
9040929
2939383
1456040
6176958
8457295
1132238
9121241
66031
3036018
7894375
3543882
5809869
6401440
7697511
3703707
929033
385443
2879888
4505422
8406704
9844795
1489116
3832147
5594843
8834710
2618550
4800326
1189790
1975368
8317667
7430428
1802109
6292222
1666625
4108440
7636324
2769548
7593034
6894377
5568050
50756
4983650
2864877
9653977
8050943
8451686
5690774
1200693
2514972
3176685
9973720
4714288
4064959
272384
7419316
1550776
8860372
8168729
7998930
607006
3524987
4795303
2228391
4298081
3129410
1854974
6870959
4148217
7324749
1979549
6767922
3483597
1771983
2857466
9648306
4792009
125578
6969320
5898884
9716773
3014260
600465
3344586
8571206
4719078
5810259
4340329
6537351
7489255
621513
584072
861011
2808469
5992417
3097924
6245681
4709211
5490605
3578612
9452316
1093920
4398687
5879910
5136539
3812512
3314503
810538
5079614
3151230
109699
5346813
9610235
1422130
7236604
227189
879089
7012216
7945113
8361910
4769412
4152829
6469367
7853966
9743513
8612915
5025039
3361555
5003223
6654181
3750376
1269492
1052597
8099638
7171014
2124879
1262072
7410045
1155571
4411699
449616
2694444
7628872
6796358
7610037
4424758
6206956
2210206
4501533
7138791
6685490
5491011
8289207
4465859
4271126
3201927
1594350
5685546
259936
3033533
6838213
7373693
7276671
1511170
6155574
2461136
5827254
2527273
1703861
958718
7277028
3624957
9848516
8242210
3008485
6042847
3928427
5954020
9115163
4429347
4420279
8929385
2480419
9345655
4735193
4688585
6767044
1075306
5721168
747119
3016031
3050962
9162710
3980628
1717027
1837062
1487738
1273081
3552257
7801236
9392843
8020320
730371
4233891
7546897
9148753
1279294
1782664
7873914
2326306
2972308
9943191
8953084
9502682
2077832
9268387
2994337
5272914
517183
1522929
6639304
7493743
1670847
8599510
6396689
2716441
2539810
1791543
3179542
7519186
2876635
8206005
3057538
4222872
390889
6341576
2135021
4043459
2739273
2673394
3772449
1533586
4288322
1943786
5272729
4004570
5094169
7436565
4623975
7674081
4495156
8796539
8871949
3885012
6888954
9852718
9989093
6447834
894044
8655008
897120
8843013
4995825
6490790
6628269
1998428
1849090
3257180
1205223
297386
2705054
4158390
2808889
7877486
2340692
131897
8886362
9466558
5452861
100006
5614279
9103311
2313031
9991840
8602167
7990157
5009268
1234466
929745
2693680
2022750
6092884
986753
3732693
955122
4693978
2212369
7400164
3399471
6686863
5493034
5232008
8199991
7579615
7752139
8904957
7043780
507047
6015099
1060636
825053
1214018
1962336
8721044
6289562
9635739
3017125
2719456
2055498
5423229
6620476
2487195
150254
5011693
4037855
2307237
2457783
1238101
5011365
4535510
223527
2137133
4622156
3697449
6212167
9948890
8033580
5285457
810734
1422751
1979669
6816056
7490916
6391469
6616303
1527622
2587864
4858458
4051224
9636397
7717971
5094260
2515761
7783352
439617
9537336
2456203
9054289
5314402
4214143
4957194
3248277
3253550
3852643
4262179
9421584
3619544
9602214
7162652
1321964
3580647
2706380
9738484
5655205
7870647
3675776
8797011
3293763
3652073
5581450
5885456
8416429
6413462
6510742
9533810
6831922
8612595
256455
9446261
4562215
3289814
7109492
4877953
160078
6175386
5231235
3911521
3300141
2759774
326388
9582718
5646696
9097311
7291713
549804
2859651
7826400
2447674
558305
122586
9319606
1188215
6767790
3644840
3259915
4964267
1254549
7320327
266622
5112534
2642690
4434277
5084106
2099234
3850528
7024492
9883643
1341404
4803086
9059485
7722451
9896320
7009398
7148182
7861665
5616933
4405933
6749342
5394443
4989107
7857518
143495
8440444
2905704
8890152
9284356
2249819
1500312
6953096
5961029
1374681
3081517
7321714
6114205
6499324
4425112
9729289
9851686
4782207
9732407
1646929
1013692
4309621
3783723
732073
2934521
6395029
6880982
4589947
6600017
773154
4656813
1080161
2423972
2061024
1538550
3737364
4295800
421654
3366892
7952943
6289934
1083486
9752207
1634324
7398711
8291574
929033
7507923
4695573
7737700
3827782
1605059
2986070
7485907
5739452
1254086
6384647
195543
9164088
8568379
4906280
6689170
8307493
3099482
9063568
2208278
7475612
8431462
2210590
8474186
9757256
8208640
7770484
6146233
6236676
7295384
5618960
9336587
4521049
4982945
9783788
2674711
5158432
9419752
7358210
6824077
4942617
1953159
4194973
8029760
7297751
589844
3061219
4074734
4318613
3818753
3817917
8479352
1885440
2013273
8291536
3638097
1492818
413235
8856457
7167281
397055
6536322
3512975
2609016
4440121
4169189
5447863
7415853
9653566
8080075
5174896
9473792
8933009
4712965
7572130
5994129
5480846
2478032
395676
3350155
8537287
8840519
1899773
3801213
3659048
3960467
7017549
3885609
9252951
1570313
1215102
784513
2125660
4243442
6546802
8001736
6207520
9184849
7703033
6105819
9492958
6504195
4159188
1088181
6460471
9604809
9596176
3924367
7727700
3587517
3423301
933749
8343158
774441
2538250
9730365
8716854
4066897
1770477
959705
7640267
6898470
9891947
4853244
3709290
4695552
1927451
5196237
7741780
1832047
9258332
6395288
829559
7146741
4269685
1509558
7113266
2440879
5385192
2455785
7565654
1976122
4492200
7934078
607320
726486
6611993
4929071
6148092
4563023
3765551
274523
100309
8936220
5184133
9781601
7083746
6990304
7802167
1608271
6467286
3672672
3894158
885517
794333
6704596
3122494
5988648
2988977
8581943
5028586
3263423
588186
7661549
6149745
2325474
6252066
465638
5902594
3141071
3925620
3871515
2828858
6802813
7248328
2094597
181640
2105058
3578612
4760709
9696684
3098874
991226
5465068
355099
296671
9373277
8284710
4418916
7389877
7727988
6626344
3467801
1131198
6857715
5321616
7681346
4689115
6428779
5422145
5692925
1088104
8576937
9962395
9176392
2123957
1856248
9416812
2380747
7998550
7982666
2942854
7675403
748056
2267861
5527539
445159
6150424
941775
3076686
1915182
3190919
9644926
6959424
6628245
1366808
7783632
3777835
451094
259322
7258116
5061374
9204368
9756299
4281946
2727975
3716647
986753
1605752
3181293
9475756
2349238
2771543
8566443
1108874
8700320
5418524
227333
7934769
6610794
158186
8704584
5937772
3101323
1358268
8589554
4611752
335538
3619244
8712001
5509912
9098096
2691117
9680349
8905277
806001
1501750
2380426
9407018
4310161
9306714
6513216
6987051
3694791
7381451
5617030
3045138
7229920
9573982
4202191
1930620
9443536
8483562
6413020
7629692
2416062
7706196
2039535
6110851
8958223
6063911
5603717
3921392
438953
4887952
4243731
1886884
9362672
8440326
2967687
4847734
6151279
5380269
2394538
2226486
4273845
8541952
4666793
5310280
7828563
5101001
7107858
3668260
7239718
7872405
816912
566844
3372736
2994766
5881855
6631308
7868896
6331145
2033151
9103784
2458781
398525
5891280
9140087
9101928
2175722
8308256
3512950
5819560
7229320
9748544
2033215
8131525
4931030
4305805
9587790
1060289
8195448
7469254
1452892
1090255
7119045
3688503
7545162
2686309
8091922
9441013
4515056
8634048
7803776
5169236
1004303
86498
5488985
300333
9437359
7297332
711959
1726116
8295336
5514285
5373440
1124223
2844639
8637622
3291743
1920475
1458169
8076934
7817601
5712441
6477389
8509508
6083980
8766539
6124012
3893582
5676335
3792505
5094126
8342227
5056677
9473107
1327796
3609221
1972485
4870136
5488128
6289913
7166273
7941170
4810148
1818272
3361471
3791982
7807726
4430885
6766174
3981301
750503
9223993
4503135
9344671
9801426
8221062
2605464
4366138
5784773
184770
8739726
7899907
398626
6115421
5411680
1065363
5086538
4697224
2765593
3766162
2616689
818264
8985271
5354072
5605158
7597249
9755179
8155806
1500784
6498250
7627000
5028178
2865479
7383509
1143541
4214143
9314988
8280424
8743938
5994113
513849
9642056
1901732
2324106
9472784
2885829
4568219
4066897
6682482
8036702
9769312
1409824
2908226
2617513
2197072
4252279
9869650
6971509
3637780
6699446
5248954
8582815
8434707
1642929
4093366
2773461
4340103
3090459
4579572
523692
573115
7501593
1700553
4613442
2148894
3160560
3962532
7914293
896044
5615122
5477684
4259682
3321166
7945994
8128747
5530117
9521235
1131967
6270594
4990040
5510360
5398388
4847287
8395685
1664512
358126
4411699
1316324
1325901
204159
5848078
9000178
9863425
3393714
802227
153400
1629166
7967130
4680362
3824675
5478171
5634858
2301612
9861122
7438894
1333800
985963
4629439
9127387
5286632
4052345
9324603
4881133
5102534
8531787
9003081
2682266
3158419
1136681
7731928
4230773
4884593
4452319
6181876
7652053
6238321
2988113
6220403
7529768
8541480
8372516
1558985
5340064
5017364
845766
1770197
3979868
6125632
9987939
7861138
7140809
3351169
8066694
8445808
2214403
768316
974674
3186840
7449414
3982612
451094
3526272
9203689
164775
5940985
9322029
9675654
6654320
6531115
993490
568578
7832875
3444349
379564
9151087
6043711
2553297
8549119
4615393
4369410
7885678
6603285
1640360
3039674
3551081
9695417
8412108
3834096
9627590
1987769
4438282
1836402
5993662
6237278
4876449
5656423
6003400
9653630
7971041
5542033
3448931
7960788
3030519
118731
9487057
6715699
5989359
8177705
9911391
1124426
8612595
5177013
5861999
9821713
1531099
5722665
7885906
812202
6015577
8890152
1077772
6201610
2010444
7480239
8877232
3824571
9045451
3878077
5356415
4175195
3544829
8338022
528303
4939917
4037525
295179
8989659
4459360
7945915
9267015
406914
5741463
8364212
8718619
3050840
3699617
5021709
5721168
1155596
6504142
2550042
6809136
5945391
3430128
6968544
7404858
3847229
479735
4846545
3620619
842807
8412946
4939128
8878273
3021880
3167924
129314
3886950
4816110
2205370
7030364
1839716
9755782
6764587
6236676
5363675
4349463
5668886
2841889
6362259
1995069
2877798
9261188
4217646
4856145
752069
1892115
5919152
8212342
6762188
8476920
6497630
9656599
263936
7733741
549720
8685351
5515856
8156226
3578275
8086548
8676251
4631334
8462704
3038032
3993556
473542
3224638
5924124
3626461
3625194
535420
2754152
1377026
2859056
1400051
9289125
2504819
7223981
9101680
4670018
7623252
2435774
6833709
7372442
4791762
5211638
9644926
8697558
8698175
6939818
4068064
8696503
5632570
1726116
4934947
2069021
6137792
4724514
6161761
6465579
3921392
75268
4691049
6671641
4865970
4354630
7162231
9078163
3047248
134326
8653564
4784011
1705143
2087229
683260
8563031
4211130
4186801
1707018
7102382
5791764
5418721
5590513
4470043
936739
7863878
1969504
9977462
7627180
997260
8135194
3469762
6287415
8565360
2691266
1915088
2439384
8743757
8375796
3759209
5049339
5267740
4803472
9280054
4559626
5607541
6908476
1236854
4283502
525543
3316333
6051587
3820039
7837303
1650538
5873635
5789727
6913064
2108588
3920377
4397412
1281668
8668669
6308646
3292392
9335810
654401
698910
7118692
9566170
8045821
8238742
3440654
6781508
1791506
555718
3166974
5013930
5783038
4965443
5224645
672572
5546507
2686945
6044275
9593623
3552873
2298882
2057758
2354678
5511832
3216419
7162746
5882986
6271613
891934
7690504
528356
4988018
7794872
7175139
1209791
8171688
4376708
5627641
8804935
2037119
4943102
6417825
8816491
7387966
7666753
6806664
1698749
8771124
3370289
9427101
499368
623972
2363849
994870
4333015
6448652
2499757
9262360
4198861
6655222
4593083
3415748
1190935
250006
8599859
8766019
418462
1435628
5228560
5286632
8656380
4966342
9472672
1588291
714938
8352883
4112417
6766162
2312864
1371548
2763944
6914357
1242935
7376606
8293153
4037901
6597540
3824191
525653
9880821
793217
3176743
6177752
5975039
6071277
2709104
3251294
4004141
3427299
2531701
8449178
4781095
1611239
5673245
5058902
8875635
7401925
5062710
5050859
837235
4898768
2225841
8443959
6656168
4491699
4661003
364442
4440038
9568666
5335190
1992329
9640958
3228320
1696046
8886343
6509743
6919805
7176231
1631416
1588655
369500
6201281
4731026
5258564
9489698
9399468
5273233
9644676
1453899
2385452
6558055
8682185
8349904
8497459
7915347
8480594
3963022
4700467
2771533
4066896
3294244
4062426
3741379
4784282
9367159
3997271
5932171
1903226
3469507
6471907
9327297
6699592
5300547
3458660
7191084
9854161
5567345
3224615
6090387
1565486
29758
6121035
8197970
6132117
2435867
6991537
7309809
8645148
3355641
4435692
1892856
25380
8955931
9028313
2098543
2597312
522789
6021294
3575594
9570181
2675283
3210007
7192797
8711090
4216319
3532233
802759
1961561
8534536
6874036
9543515
6426771
3590762
3139982
6803111
4490824
7620416
5940916
7907771
6116855
3616331
3844954
3594749
5452075
6654358
5531642
3242248
5888389
7158787
3070367
6490923
8381554
9384126
359248
4172818
5315499
5577952
4175232
5458643
7867896
5050347
9215181
947729
1754166
8312897
5361411
3206427
5177504
619539
8030419
381548
3933851
7074793
2137405
2174611
5436012
6414394
1698569
6017948
1435497
115455
8763644
5580073
2110091
3355427
6344884
3878416
6848208
7354551
9885244
3611845
9898661
7647385
5945647
8599615
6340091
7910063
1443179
4724514
4274114
2862740
830542
3438744
4209395
7742916
1998306
1535797
8589010
8063536
1355640
6500537
5622542
9134925
9938164
7364053
8245159
6666264
8710782
3932711
9137349
6291821
4678275
557952
7542676
4334010
3939633
5614975
4615070
5957983
2523576
9490026
4925602
1903684
9844003
1455156
5031825
3734225
3431871
5842765
3060849
2104903
2620068
2596929
9232359
208649
9456923
8491012
466924
4514361
208774
4299460
2293889
4558874
2760177
2677027
8110712
9985214
9348721
5674566
1313367
9195002
9427174
88837
543884
2262596
2314129
4212956
2571054
852066
20514
7675284
6958005
399965
1176755
2672119
8516157
4685476
180645
725652
9595563
1214367
287649
3504259
827695
4610425
6374965
3400695
2343424
5015403
5856328
1098003
3913110
6900400
848533
3754088
53552
1997437
8419313
1008979
8244292
5567082
5746948
824114
7299699
7598724
634148
3147348
4540729
3891344
5860
4898215
2489526
590054
2111160
578387
9195002
628595
9473254
6127134
5320359
566367
9397306
6050807
1210292
9269826
2205944
7007186
5047537
7451603
4963704
1029958
8152497
5711319
7125893
4206874
2167429
8144129
1382372
1909779
3767677
4756579
7095731
7413320
7420137
8286671
7381844
3906800
348150
3981804
2739990
9947604
4338454
6843347
5386890
3166185
254892
2546279
7277058
1841429
4169516
4275289
4881133
6654700
6939310
1958240
7383613
8505584
7583192
5011912
7517163
814175
6424698
315510
3090459
403263
6942895
4524346
1669243
8877065
6661879
753327
2680626
6668774
8641246
2457783
2870683
9779527
6549168
995557
1467286
9801848
3698874
6203204
3603769
391754
5459624
7275257
8235742
7504368
9940562
4593482
1473556
1553045
3335476
716497
6673009
7976797
656260
566733
9374242
9451640
7469830
5548392
2377697
6849286
2807301
519981
9814708
2523907
3789772
520368
7531048
3114370
1030357
1883435
9880150
4176542
8529252
8553708
3671286
3384765
9553033
5274876
3573219
1619296
7457553
7668379
5957310
7826420
9836989
8418289
3972247
3706909
4374237
2526796
9861122
4595283
8507789
5547499
7075405
9179925
2763508
1451928
5591533
4992986
1432957
2025977
6384307
2253280
6386321
8351925
1936565
8842022
1572944
2180223
5410163
8757239
5670895
1726195
6682746
8148686
364329
7474797
4676223
9864985
6028950
4864759
2493778
1823254
1742231
3687687
6845502
5634766
9812868
355384
8618160
929892
2144454
5544468
3181837
5398233
4596902
514625
813893
3350672
6753785
8015329
1737892
3374156
500464
9347048
528303
4967570
3501317
1527958
3385850
4974218
4777594
7148743
6743663
9839795
6595536
3563766
5469013
2652977
8182304
3878927
8460542
6908376
6496222
6729714
2399357
7428731
3751349
9582767
4915244
3219027
9570225
5649914
1575428
2346716
2379952
1051733
8228016
2445915
3793606
2389457
7829035
4640893
4419532
3019589
4719599
4950706
796289
4241777
3684567
4554928
3833175
74857
6479102
8310100
9977597
4990497
1419708
8463926
6490923
6129473
6289156
7278599
3429071
6286971
6154771
4611752
7509716
7674448
4989821
1409795
5439961
218621
8344944
548389
1846444
4165770
1308432
5039369
4985691
9354434
172643
9015956
4902300
4915475
465395
7227469
832063
8881172
9432592
2345868
2963116
6493762
4116982
5311236
5766846
7734471
4099126
4410371
6727157
4570837
6083479
9363778
5740276
6338367
6865916
5544006
1265946
1839130
7806354
8010780
9275471
6336266
4381199
1719901
5344865
7162746
9269980
2992999
6854926
4379634
8026688
8866212
3264631
8151683
4553975
9903843
9850783
8099638
7617220
6775706
4785043
674153
453596
7179861
2363926
5895367
7244380
4941471
2329431
2993968
5278816
2008369
8674422
4673396
8207932
3975856
6276340
4985465
226324
6213963
3681875
4599343
669983
9544487
2956125
2309805
16853
3087836
7746227
9666917
1349926
7424183
4982323
4470978
700788
3711809
5551340
911316
9158706
4369856
2222797
2731758
8290886
5257306
3043672
9222034
7956722
4898956
9856827
9534620
6023254
4188670
823462
6794206
286200
3291310
7657963
5380026
7970586
6863404
3186840
7240200
8418833
4051805
802227
4450254
3279962
3327430
3882910
8939139
5877303
3798837
8868840
3836964
8504922
8697327
8993264
5921779
7450507
3602309
2687226
593374
5722225
8910699
3041960
1700816
783228
9158725
7070023
1762723
2619361
1085052
5354925
4384682
918151
7496956
1171434
7373678
7629006
803689
6966802
4075879
9819449
4909509
7410404
630490
3990746
7112989
7340846
514113
5876440
7637143
5505604
8589111
1870807
4289024
4152433
3269681
8786919
7706152
8918767
2159101
5368207
3536287
7908579
4362816
7537133
3869661
1963859
7583871
772148
7457618
4348957
8416509
4731136
2333549
3278469
7707173
5756739
6808236
8048243
8221245
4868131
8165819
9958666
6813150
259322
728746
180645
6728062
2717544
7766028
2536888
2888040
277404
3373802
4643241
4917678
6038551
6599747
1824814
8324543
1089632
9361565
1323226
6400815
7653618
9870418
432048
7969057
2477629
14594
5971141
360170
3317300
1798665
8030607
2045215
785945
1495051
7728402
7783906
103800
6031310
3666857
7081093
3315650
8184236
7336929
4249155
1727322
9012721
2211162
3849244
7986013
8584812
2934019
2514863
2070718
3243123
6923270
7937199
7758480
2020604
1896005
7434549
7524601
7075357
1411965
2485549
1087260
1524387
4461228
9372845
1234724
3591719
1685133
1233924
8347152
1943818
4766358
313917
1294975
4025838
658087
2821582
8907324
418169
705782
9288917
1214148
2355017
1260677
1730604
4895024
1888101
5837733
2092927
2902270
7667499
2458781
6755191
2213292
380860
8190777
8036155
8952882
9820459
7320610
4935974
7532259
2420428
9326400
4485704
5323640
5273717
8996557
4836018
1793064
7119354
5439342
1143009
2235020
3061627
9755897
6915923
754967
1017265
4166352
4032056
1713358
6689335
5177525
6322799
1003040
9283688
165158
4651963
9090423
5502778
9212930
7043621
4483082
7881846
9274250
2679154
2288232
2515854
7707162
4422281
6100085
7064881
145213
7593152
8881436
7531133
6130558
6218587
109109
8714218
3551037
6114150
1302615
3330244
7436866
6020757
4591803
5474992
3223101
6706097
2781185
4434574
3928575
3788991
3517698
763229
7216706
4416793
7437499
5642361
9085245
1113325
6204530
2754991
5405123
2771803
4212764
5877028
2835098
686596
4428925
1447317
7830822
7532505
7495922
2735968
8823541
6279700
6387843
602041
5645062
1800139
8934476
1664144
6907265
5626013
2610512
841596
3955302
3129606
6599632
3038122
9306714
741599
5849057
5945760
7769595
3257363
9121900
8709446
3637867
1635858
4826875
5040072
208480
9781689
214353
7334737
8227887
2327266
3142892
4286110
4506995
6673546
541571
92649
526991
6161687
3498617
6887797
9468634
6311195
8483168
4539644
1031812
8262516
8588468
3547659
9632315
6898292
6753785
8783567
7070365
4799550
5292062
7042680
3101037
1345184
5014570
4562134
2347749
4753079
9198049
2317163
30325
6532552
4100708
8005064
2209051
8722542
6286946
1890462
3498061
1896652
1370872
8880789
6630712
6808538
8290845
728312
6631522
7565529
5424963
4158241
8576679
3765114
1706951
2435774
510865
8929385
9195935
3072880
7771536
4469208
3916923
6193676
5198762
2616744
3410379
1075967
3765776
3393832
6418817
1449405
2495958
4004248
6602760
527717
6813929
7568409
8111704
8978664
183766
6787959
993452
2036251
4754462
1516876
9546805
7455589
899723
9208507
2476996
5139367
1245817
652595
8849378
6708672
5308450
6575576
9609215
1879947
4405001
1587657
122430
7669951
8718353
9711387
8687685
9629712
6344432
3145027
8123509
7704599
8767798
3544701
6714312
1509616
2266760
2665420
2560440
596111
6790575
1854751
5047537
3482082
9575287
6598440
1972646
847398
2813141
1108978
9432869
3392580
6306460
4996356
9046425
6553221
1875058
1475372
8894861
6807571
6270731
205745
6917205
2481215
9120374
8845413
3161143
4823638
3107389
1823254
4093079
6326324
5463311
2892266
2992925
6724524
9243196
8983982
4758934
5568668
329005
6059295
4142801
3096485
2827530
192551
9808625
1335708
7391175
6843826
1636349
220417
5588096
7569805
1537415
3821836
1263558
465866
4261798
8111037
3423301
9968260
4619470
3126588
7942998
8060634
7751347
9863190
2620922
8288402
6988428
2918629
8389895
8516337
9354172
1280121
3725893
2187170
5031359
8402382
6741119
8238213
7549971
2905701
5117840
8496483
8602741
8503691
6540676
457328
5324632
1695979
9530807
8824268
6494268
4280814
6421451
5543612
4887496
8317897
5740957
6648542
4950913
4286920
4277658
4732406
4460321
104496
4200111
3492812
2451398
9382400
6890816
9485803
614850
9015478
1827608
6472566
7746997
3319818
5514184
4499236
1107476
859694
6357221
8523797
9958666
5582275
159412
1277817
2503330
9087241
3868186
7375359
3252142
9311031
5020789
8358533
9767220
4145197
8556708
8955367
7657963
5426381
9274183
9650079
9185564
1803347
687668
8929179
3972800
6665200
1235320
4326320
679479
4518357
6847848
1973742
2960595
6974933
6465319
8501604
2216365
9708407
2082276
859947
8568936
6887287
7225220
9983731
287608
5087153
2597199
It took me 139143846 clicks (139.143845 seconds).
Program took this 396276 space
