9921004
2795657
731034
6124114
9658451
4709072
92419
1689719
4250033
879051
6849323
8938238
6171273
2013630
8864441
722145
8607076
5091450
890018
376426
1685588
825972
571348
4714250
9473632
4573709
6561967
9528038
5588750
8938238
7379949
3496017
9168088
7371376
3387981
9164654
448137
9084360
5096910
1477658
4406849
235912
8889168
4788816
5155698
9884648
7925812
844607
2787157
1763860
4062573
1763860
4914984
4601266
8539317
6519496
650970
859113
7093326
7816896
8842401
4437262
4090640
7025879
5875323
391473
1313104
6597407
6400797
8855598
2779547
2700162
1399575
1875463
1606708
1875463
2932505
1907916
1536329
7491020
6003308
7082792
4297996
9343209
7698081
473044
9627744
937010
4084456
9994716
215690
3524891
9123818
7207022
5981481
4241200
3987992
9627744
6127809
4669196
It took me 5211 clicks (0.005211 seconds).
Program took this 311400 space
