88708
9556894
443357
7561122
2918767
8851620
9546424
2097051
6776263
2368376
5369846
3064417
5334397
7307691
6584625
2097051
9398443
7263112
9512659
4510461
8026924
8437913
9287272
6205582
2518108
1965948
5577014
2572399
1549870
6584625
1559383
8927586
4691877
7073278
3498323
2518108
8026924
5168095
145172
6341026
2957756
624377
2368376
8437913
2633016
7608713
5524822
3818924
420404
8026924
3777005
6780055
3854150
8889309
5527670
1656254
3504170
8889309
3064417
6452614
9556894
5930854
4023274
6780055
1687148
5369846
2938150
443357
4691877
5415105
3544117
5577014
8026924
9287272
3818924
3854150
652874
4735403
8889309
8413082
5415105
2383459
5524822
5369846
2572399
3993367
5029750
4317427
2918767
2918767
6827106
1559383
7265414
9874364
4229045
6205582
5027699
3194458
4346491
509640
It took me 1958 clicks (0.001958 seconds).
Program took this 51432 space
