9999825
8138247
1359672
9876151
3975882
3654466
3991529
9004630
4862903
3174321
9472400
6294740
8104481
7689201
6855462
3590891
8627175
2046256
238409
5420021
6994041
3099228
3791494
8050632
5270633
5717688
5479228
7448727
82606
4501478
1143299
9652693
4867172
1713090
8334057
927862
3932963
5931281
6707737
8520776
7160177
8855981
9372671
7835834
32186
5193039
5452571
8665763
1186857
5977733
411967
3522433
8811375
825716
6587086
4689018
9702112
1370715
789350
5095220
4263361
3165621
3044145
4591216
8505439
2575160
1586046
1875374
8562387
5176591
6650017
727749
9813151
2800837
479443
1214328
9215754
3672630
1984326
8604048
4932278
2598667
1662495
1320197
262138
7495631
596655
7537540
8423216
824027
7899627
414801
5460904
3001906
622013
2101127
6465979
8249972
812514
2922352
It took me 1528225 clicks (1.528225 seconds).
Program took this 362144 space
