2632838
9193750
6280135
4078357
4256993
5462631
9671049
7847225
8567784
1332422
5815338
1813159
7378271
8741313
6021329
1589864
523353
3338614
4274061
8385927
9165503
7078854
5874275
5736355
8224380
8788352
234977
3434458
428907
1198872
7928073
1631553
2776077
2644994
6034049
9341956
2116261
2481141
7920142
87415
5776458
1983104
8482644
1733455
4091448
1525845
4775840
9548626
4423316
5884721
8665757
4860006
5134388
6007240
77617
6392280
6488272
3853767
2650737
8873195
4086916
6872506
8865302
6120421
7732274
4448790
918385
2827209
1405940
2781743
123831
1223160
9827947
9935174
7463714
6039123
2497842
1699245
4017940
5736846
920304
6363291
6399842
6344091
6949466
9915866
6705476
237103
1175234
1054479
6102883
637244
6966399
3529606
9026631
9581558
9296113
7173356
4094692
4506165
It took me 43403 clicks (0.043403 seconds).
Program took this 3926760 space
