1690320
6117276
4823069
9901594
8137068
4300218
9962853
8544690
1972053
8454388
1584476
6719738
6324259
1490330
5507950
7876794
5482694
7808033
1771900
7469579
5270080
1745565
9418868
2407485
301921
4419321
5915588
3848251
9543911
2831019
4701061
1487151
3448203
8055610
6498846
966254
9377962
275382
3174971
9284025
2744889
4090306
1733347
4800918
650893
7697939
5064956
2594900
5794963
7782707
5297211
7245754
2772386
2669097
7932990
7308619
6919446
4203145
6434903
1548224
4549416
5297620
8105151
75599
8884546
7473423
3607315
760407
4658721
5256408
7625917
2248618
2543326
8056605
8801951
7603459
3597647
8365801
1276428
5506134
3846914
1917990
9758085
9963148
7847758
3313129
4435406
6425794
9060214
4440648
7192357
4453024
5741682
2951888
2360888
1545718
8593828
3917040
1490496
4053769
It took me 1320655 clicks (1.320655 seconds).
Program took this 318640 space
