5634112
510700
255941
5223640
4943537
9020568
1332740
6760341
6757223
5436986
3685389
3404644
7508989
1253301
6117362
6857175
8098730
4543636
883438
8394421
7984593
4093993
4856556
5740402
3001188
6376633
5781027
211557
4790616
8601286
8487212
2940987
6235110
8339892
817382
4964969
9494132
8022859
1226680
9536469
4518288
682537
7666131
2279849
1492629
6826864
6041772
7655256
2357466
6245155
1051331
6601544
9588007
8203869
4895429
9196830
8033222
2268910
8282031
787258
4248512
4935013
7892148
8625732
7042429
5502963
9929982
5477272
8800193
867465
6741252
833017
2555269
6475423
6037152
3590098
3005384
1293858
4488144
6418799
1139127
32006
2705416
8567486
2643789
4041384
9968232
1672894
3734146
7823880
251217
3814834
7332744
1758442
2318964
4048176
9210789
3309496
9514964
6764387
5077683
1127473
9698386
7771803
4999414
7782690
4262693
1179803
3757628
8432927
3328660
4538190
4275113
3453289
5660081
1513051
372557
4992700
527584
8864467
3156755
907546
3008302
3486618
2674249
2189410
1410944
1107674
8788574
6531982
7973970
857266
3268497
5656308
9027131
8146652
213534
4273873
8595538
7308654
6444418
319996
8942151
1861441
5067314
3940156
1447662
4664710
1463518
2225094
631498
3900882
1931419
6094844
7634107
2984409
1891515
6491695
9541793
9105484
5968488
2590386
733398
3758149
4669217
6442473
3202636
2489948
6311320
789625
7832915
1364725
6223487
2205622
9266058
9026911
4247878
9055171
9585982
9007526
9251147
810105
5947302
1100895
2068238
5593517
947843
7984593
3106286
2547536
623401
3312982
8129567
8007750
3243279
4244917
1991943
7970539
9856811
7982458
9223842
5636964
8353405
5540549
4958282
8370393
4117167
8705925
283306
7759531
7580263
4671977
4369735
1768622
4626687
5391310
4048945
972782
9655139
2035807
7134352
8434268
6348659
8089027
9251571
2387364
5351292
4524719
7111656
1467940
8352508
3995131
5080601
1735537
9971903
1316792
9944621
8397232
5107459
5514286
1889593
9961603
6309854
9763201
218028
1822813
9650566
4650643
8021561
5869072
126003
9781759
5693109
9559562
2404424
2355023
5067790
3959259
713616
5713561
9260502
3281788
1372629
30454
7519509
4958270
6966869
8794829
5971366
2800042
5569574
5166562
6028173
2834173
1098679
8523826
5559708
6954171
2495278
2568986
3907566
6720772
3228008
2086584
9577473
7456510
6528558
8995423
101050
3148743
3039120
8747980
7105340
6552500
9657714
5125496
9601736
8692424
4235738
4842019
379417
8039802
2085330
6894411
5282378
6207094
2540162
7428533
1324117
5516435
6063706
5791527
2833586
4962230
4799024
3992721
5255186
2698698
6899180
112538
878470
5179126
9230346
3878557
424660
279962
9966728
3880035
6694765
7082850
8142983
6450913
9273699
2891295
7365030
2795856
8067969
131198
6515258
4078071
2074839
8989819
8530769
109291
4008369
3573219
2907899
6810470
2106304
1484155
6259922
2333833
3854677
9276124
3646990
6855648
506793
5055539
27878
2953514
8353185
9840370
2571747
9887671
4967583
4838305
7524581
5713561
1611160
3174844
35049
1474315
2288776
8845052
3364061
7942032
1017815
4826219
8169269
612232
7099374
6834802
3886694
985395
6908617
9812556
9707435
3557038
1938401
3327921
2658073
2245820
4017584
9767776
9866347
9255714
3054025
2501049
7788147
214032
448997
8344679
7501763
7614744
6628048
951701
9800733
2274164
4232704
2323943
5577878
8667151
4301545
9090946
8416456
9914545
3759008
8670415
3043702
1145348
7885684
1730597
6737222
8755791
933086
8443513
4614173
9259003
5475403
6464802
1774578
9551020
4389075
6287667
1163378
6663891
9893503
3169510
2042279
7659218
6578845
5890837
1432862
8142118
6087340
4990435
7906312
4899876
3259668
6772121
9319703
5860479
4341460
2542776
9711296
1636100
8076681
9551860
9990897
2573097
5985696
8253336
7959824
5600767
3957444
2594374
3379184
6331609
6092683
4935638
9337932
9818015
7067871
2553781
5057119
9240552
9161009
2039863
2617087
7568299
5072010
449439
8889304
3472351
4428525
7244287
4347828
7412383
1208207
4843707
8400101
7855218
8985970
5737379
4777020
7361009
3713864
8879056
6103929
2542730
2895985
7807907
7418081
8640571
3136726
8278137
6390238
2728905
3456704
284825
6772663
1558551
364977
1231951
8144463
8934791
5784524
180770
2396663
7942180
9726406
1735186
4199020
6360465
3554903
5758519
2031387
2790549
5052576
6406405
1391934
8829679
4730585
6534539
4668983
4453438
462871
4301707
9363332
3300388
6037712
4171401
2497217
359318
9513441
1540934
1923905
3225082
2701418
35277
1102868
8235484
8429814
3901433
9549072
7279548
387466
6333736
3720171
7430030
7266902
9817249
1032958
4134866
8821413
9744389
2624853
2735862
5199585
5369232
540934
1442012
8012071
4991105
9507000
8418418
3027561
3675707
2543200
3870720
640891
5798298
8933451
9909496
4308505
4421174
6814712
1148840
8314874
6140303
1879342
2141076
5503436
8690469
6757564
4422801
1575822
2239252
4921911
2415579
1028494
7043302
9895825
8926612
6023978
7319028
7136787
4620420
2812626
9220042
8748950
9742598
2006923
2834307
3857358
4107553
8857874
5852222
5410656
2875792
6421970
1897858
1456806
1635131
7975414
8650134
1748344
9151804
3541390
7884485
1079644
7211269
6977227
5226674
7659348
6871612
2502895
6228898
3970646
1516930
1610501
1695447
2622508
6605648
8083322
5684074
6180480
3392947
133887
2408360
2517485
7480012
7748370
4933404
1397207
33534
2345467
4776987
2391788
6923036
5440718
4223716
4785558
5019514
4373607
1975059
7555476
7843368
99468
6228889
7983613
8154403
7113554
6524968
9823086
9356038
7787434
918518
7865754
6612467
6728347
3034613
3285423
9979478
3574228
5381486
5624231
2910383
9380212
7614538
8098642
2495417
204743
880616
7914669
5623938
5136285
8677450
7424580
4887940
224423
8842881
9678223
1704299
7894860
7115926
3315499
5508595
2025136
8275301
2469711
8786720
3006567
2301394
8730625
8011306
7184001
2260717
2112288
3307151
9979078
3560008
9722396
1124433
3492746
4164692
6113605
5182554
3641568
1504355
4955606
1506983
9528529
204125
7770108
8735629
5098179
180158
904776
2118660
1896177
9693354
3747124
6011757
7890950
3575985
9593681
4836302
889503
9001223
3243538
9908224
6900305
4326455
2967849
1585586
9955707
3003546
7528879
4090059
624846
5764457
2327045
5672091
1299816
1011778
8542336
7361009
4959529
8579677
3265324
2584081
760721
6318641
3908607
4089993
832650
6686773
6462118
7420163
6622587
6761066
4591744
2450615
8394049
1405112
8460011
4771335
1593866
5729933
6799574
9608045
472157
3656443
4127511
6298558
8954024
3284761
8240909
8731405
7915330
9635481
8994670
5850221
8021445
6885706
1476122
3601276
9723673
3621540
2279764
2200360
7129911
2489797
5332094
8083643
2701886
2245471
5964293
5636447
2758135
7196992
2342852
8239332
3856495
4123766
7934245
2277731
1960743
9685059
1129835
4573473
8892746
2355423
4791717
5348289
6738236
1686374
6978774
6062480
5042863
5613628
6533436
4612178
8159305
1135310
6598812
4419859
3326202
9776713
405492
1182498
7158421
4930331
6019586
3876967
1857238
2983198
8139084
2234640
3303314
1751806
388533
8094984
6966458
1040534
8791901
6028173
5505793
1230969
2260400
1423584
3684692
7325236
8251213
1396305
9255048
1086965
294281
5869971
7337861
2664480
947625
3112613
5176073
3958543
7414649
9978437
565750
3759636
6917299
8108715
3610724
5093731
5413751
3224837
1032242
5586831
8388283
3689539
3855795
2770808
5854345
5562014
768178
6953978
4324715
4344362
3150615
4368941
1880109
3462856
6111594
8770167
6093192
6254200
6030718
341776
3803561
435323
6389712
9165027
7002867
7671669
5720495
4834963
2330212
3208676
3291164
1730092
5986675
5913654
9985065
1921258
9335765
2279849
4590114
8952884
2331128
3943701
6718225
4407970
3297061
9862654
8763578
3349172
4733148
9105785
3232857
7748370
5266674
6766859
3117789
5818193
25598
896539
4367519
2682678
9322762
6269471
1676924
8593192
6557151
8532429
5657741
6988845
168952
9522126
9367973
9323773
210917
1799698
5286963
9945828
4445435
3200435
9197418
4050981
9680151
5095926
4480837
9242816
1177851
2902555
4691907
1953250
3246342
4839715
7012165
7250162
7149575
2416290
8775868
2865016
2558380
3472750
9341067
7216664
6090755
6328847
It took me 14128664 clicks (14.128664 seconds).
Program took this 375332 space
