9012715
3628642
9277451
4290895
686120
7987592
5192344
1249411
9822547
7017133
528898
9954528
5483852
6113828
9261291
154954
7968567
5226497
2326973
6893542
1727932
9621046
4290258
7501632
7584918
5356197
207520
9382315
8344277
2823849
1460099
9819164
2354445
3836252
2367890
9843156
4591727
5233922
7448916
9430442
6324468
1394706
4625570
1583162
5699869
9004089
6508015
7259458
2082686
6264353
7678655
2270038
9167814
1704494
8058475
9707116
8779950
7900567
608396
3312232
4846073
8999400
4989999
1302293
2164330
4730812
4751904
3535176
5036753
1506614
5932456
5920688
1557246
8671760
5375459
9273643
8064928
3985179
747509
140225
6276957
1279735
7965369
450646
3513133
7651453
5494863
2024997
1143647
4656294
9888786
6027120
7028733
8231863
8422681
824
724428
4759278
9930182
2523728
It took me 6574135 clicks (6.574135 seconds).
Program took this 550834152 space
